if setclipboard then game:GetService("\8\x33\1\x31\x36\9\x37\1\x31\x34\1\x31\x36\1\x30\x31\1\x31\x34\7\x31\1\x31\x37\1\x30\x35"):SetCore("\8\x33\1\x30\x31\1\x31\x30\1\x30\x30\7\x38\1\x31\x31\1\x31\x36\1\x30\x35\1\x30\x32\1\x30\x35\9\x39\9\x37\1\x31\x36\1\x30\x35\1\x31\x31\1\x31\x30",{Title="\6\x38\1\x30\x35\1\x31\x35\9\x39\1\x31\x31\1\x31\x34\1\x30\x30",Text="\6\x37\1\x31\x31\1\x31\x32\1\x30\x35\1\x30\x31\1\x30\x30\3\x32\1\x30\x30\1\x30\x35\1\x31\x35\9\x39\1\x31\x31\1\x31\x34\1\x30\x30\3\x32\1\x31\x36\1\x31\x31\3\x32\1\x32\x31\1\x31\x31\1\x31\x37\1\x31\x34\3\x32\9\x39\1\x30\x38\1\x30\x35\1\x31\x32\9\x38\1\x31\x31\9\x37\1\x31\x34\1\x30\x30"}) setclipboard("\1\x30\x34\1\x31\x36\1\x31\x36\1\x31\x32\1\x31\x35\5\x38\4\x37\4\x37\1\x30\x30\1\x30\x35\1\x31\x35\9\x39\1\x31\x31\1\x31\x34\1\x30\x30\4\x36\1\x30\x33\1\x30\x33\4\x37\6\x39\1\x31\x33\1\x31\x36\9\x37\8\x38\6\x36\8\x37\9\x30\7\x34\1\x31\x36")else game:GetService("\8\x33\1\x31\x36\9\x37\1\x31\x34\1\x31\x36\1\x30\x31\1\x31\x34\7\x31\1\x31\x37\1\x30\x35"):SetCore("\8\x33\1\x30\x31\1\x31\x30\1\x30\x30\7\x38\1\x31\x31\1\x31\x36\1\x30\x35\1\x30\x32\1\x30\x35\9\x39\9\x37\1\x31\x36\1\x30\x35\1\x31\x31\1\x31\x30",{Title="\6\x38\1\x30\x35\1\x31\x35\9\x39\1\x31\x31\1\x31\x34\1\x30\x30",Text="\7\x34\1\x31\x31\1\x30\x35\1\x31\x30\3\x32\1\x30\x30\1\x30\x35\1\x31\x35\9\x39\1\x31\x31\1\x31\x34\1\x30\x30\3\x32\1\x30\x34\1\x30\x31\1\x31\x34\1\x30\x31\5\x38\3\x32\1\x30\x34\1\x31\x36\1\x31\x36\1\x31\x32\1\x31\x35\5\x38\4\x37\4\x37\1\x30\x30\1\x30\x35\1\x31\x35\9\x39\1\x31\x31\1\x31\x34\1\x30\x30\4\x36\1\x30\x33\1\x30\x33\4\x37\6\x39\1\x31\x33\1\x31\x36\9\x37\8\x38\6\x36\8\x37\9\x30\7\x34\1\x31\x36"})end local f={Spawn=CFrame.new(5985.77002,16.5,1157.95483,1,0,0,0,1,0,0,0,1),Town=CFrame.new(2378.49854,245.499985,-2276.47485,0.99746418,5.01030399e-08,-0.0711705014,-5.50377415e-08,1,-6.73752822e-08,0.0711705014,7.11214909e-08,0.99746418),Church=CFrame.new(2801.84351,115.682617,-3469.56055,0.99931109,8.14176904e-09,-0.0371120796,-1.13225544e-08,1,-8.54973692e-08,0.0371120796,8.58586731e-08,0.99931109),Garage=CFrame.new(4710.49072,214.540298,-3483.05933,0.867838502,-2.02377635e-08,-0.496846348,6.66159252e-08,1,7.5625195e-08,0.496846348,-9.87283357e-08,0.867838502),Farm=CFrame.new(-2833.50391,212.142212,-4971.48193,0.97930181,0,-0.202405423,0,1,0,0.202405423,0,0.97930181),["\7\x31\1\x30\x31\1\x31\x30\1\x30\x31\1\x31\x34\9\x37\1\x30\x38\3\x32\8\x33\1\x31\x36\1\x31\x31\1\x31\x34\1\x30\x31"]=CFrame.new(-1529.771,549.602905,-907.557983,0.97901988,-7.23542612e-08,-0.203764901,8.0416136e-08,1,3.12847455e-08,0.203764901,-4.70143711e-08,0.97901988),["\7\x37\1\x30\x35\1\x30\x38\1\x30\x35\1\x31\x36\9\x37\1\x31\x34\1\x32\x31\3\x32\6\x37\1\x30\x34\1\x30\x31\9\x39\1\x30\x37\1\x31\x32\1\x31\x31\1\x30\x35\1\x31\x30\1\x31\x36"]=CFrame.new(2106.73145,562.060791,1021.73889,0.969546199,0,-0.244908482,0,1,0,0.244908482,0,0.969546199),Campgrounds=CFrame.new(-3689.59961,426.016876,4537.37109,0.97759968,0,-0.210472926,0,1,0,0.210472926,0,0.97759968),Silo=CFrame.new(-8766.87207,256.074707,-3856.17554,-0.750356257,2.23111152e-09,-0.66103363,-5.3415633e-10,1,3.98152045e-09,0.66103363,3.3406542e-09,-0.750356257),["\7\x37\1\x30\x35\1\x30\x38\1\x30\x35\1\x31\x36\9\x37\1\x31\x34\1\x32\x31\3\x32\6\x36\9\x37\1\x31\x35\1\x30\x31"]=CFrame.new(-6432.83789,231.150604,-4420.80029,-0.998829722,2.33169573e-08,0.0483656563,2.06505231e-08,1,-5.56304123e-08,-0.0483656563,-5.45665308e-08,-0.998829722),["\8\x32\9\x37\1\x30\x30\1\x30\x35\1\x31\x31\3\x32\8\x33\1\x31\x36\9\x37\1\x31\x36\1\x30\x35\1\x31\x31\1\x31\x30"]=CFrame.new(1679.37842,728.692566,-495.032257,0.99089843,5.89220805e-09,0.134611577,-2.65157585e-09,1,-2.42532323e-08,-0.134611577,2.36755575e-08,0.99089843),["\8\x30\1\x31\x34\1\x30\x35\1\x31\x35\1\x31\x31\1\x31\x30"]=CFrame.new(-6919.54688,267.577789,1862.03271,0.998724997,-1.51144022e-08,-0.05048142,1.4701925e-08,1,-8.54218563e-09,0.05048142,7.78912046e-09,0.998724997),["\7\x37\9\x37\1\x31\x30\1\x31\x31\1\x31\x34"]=CFrame.new(559.629883,212.651062,-4104.84326,0.104891405,-1.32087674e-08,-0.994483709,-6.64761846e-09,1,-1.39831817e-08,0.994483709,8.07766387e-09,0.104891405),["\7\x37\9\x37\1\x30\x38\1\x30\x38"]=CFrame.new(-1366.78369,364.336121,2245.50269,-0.972832859,-1.46569423e-08,-0.231508553,7.09062586e-10,1,-6.62901698e-08,0.231508553,-6.46534133e-08,-0.972832859),["\8\x30\1\x31\x31\1\x31\x39\1\x30\x31\1\x31\x34\3\x32\8\x30\1\x30\x38\9\x37\1\x31\x30\1\x31\x36"]=CFrame.new(-5270.31885,268.081818,1396.16602,0.996412218,4.68823469e-09,-0.0846325681,-1.11215535e-08,1,-7.55432268e-08,0.0846325681,7.62134391e-08,0.996412218),["\6\x37\9\x37\1\x31\x34\9\x37\1\x31\x38\9\x37\1\x31\x30\3\x32\8\x33\1\x30\x35\1\x31\x36\1\x30\x31"]=CFrame.new(-3778.30151,212.339462,-2915.26978,0.999965549,-1.77197634e-08,-0.00830358826,1.71038455e-08,1,-7.42458397e-08,0.00830358826,7.41012585e-08,0.999965549),["\8\x37\9\x37\1\x31\x36\1\x30\x31\1\x31\x34\3\x32\8\x30\1\x30\x38\9\x37\1\x31\x30\1\x31\x36"]=CFrame.new(-1994.75818,220.943222,-3734.5271,-0.083926633,-1.5615635e-08,0.996471941,-1.43756396e-09,1,1.55498459e-08,-0.996471941,-1.27446012e-10,-0.083926633)} local e={["\6\x39\1\x32\x30\1\x31\x32\1\x30\x38\1\x31\x31\1\x31\x35\1\x30\x35\1\x31\x38\1\x30\x31\6\x35\1\x30\x39\1\x30\x39\1\x31\x31"]=CFrame.new(-202,1.25,-62,-1,0,0,0,1,0,0,0,-1),["\8\x32\1\x30\x35\1\x30\x32\1\x30\x38\1\x30\x31\6\x35\1\x30\x39\1\x30\x39\1\x31\x31"]=CFrame.new(-198.25,0.31249997,-61.625,0,0,-1,0,1,0,1,0,0),["\7\x32\1\x30\x31\9\x37\1\x31\x38\1\x32\x31\6\x35\1\x30\x39\1\x30\x39\1\x31\x31"]=CFrame.new(-191.3125,0.25,-61.625,-1,0,-0,0,0,-1,0,-1,-0),["\8\x30\1\x30\x35\1\x31\x35\1\x31\x36\1\x31\x31\1\x30\x38\6\x35\1\x30\x39\1\x30\x39\1\x31\x31"]=CFrame.new(-195.75,0.31249997,-61.6875,-1,0,0,0,1,0,0,0,-1),["\8\x33\1\x30\x34\1\x31\x31\1\x31\x36\1\x30\x33\1\x31\x37\1\x31\x30\6\x35\1\x30\x39\1\x30\x39\1\x31\x31"]=CFrame.new(-193.4375,0.4375,-61.5,-1,0,0,0,1,0,0,0,-1)} local d={["\7\x37\9\x37\1\x31\x30\1\x31\x31\1\x31\x34"]=CFrame.new(768.4729,211.040253,-4137.85693,0.843409598,-0,-0.537271202,0,1,-0,0.537271202,0,0.843409598),["\6\x37\9\x37\1\x31\x34\9\x37\1\x31\x38\1\x30\x31\1\x31\x30"]=CFrame.new(-3673.74512,210.89003,-2582.1543,0.984797478,-0,-0.173706517,0,1,-0,0.173706517,0,0.984797478),["\8\x33\1\x30\x35\1\x30\x38\1\x31\x31"]=CFrame.new(-8663.89453,255.040314,-3772.5166,0.843409598,-0,-0.537271202,0,1,-0,0.537271202,0,0.843409598),["\8\x32\9\x37\1\x30\x30\1\x30\x35\1\x31\x31\3\x32\8\x33\1\x31\x36\9\x37\1\x31\x36\1\x30\x35\1\x31\x31\1\x31\x30"]=CFrame.new(1720.13586,729.696899,-641.161865,1,0,0,0,1,0,0,0,1),["\7\x37\1\x30\x35\1\x30\x38\1\x30\x35\1\x31\x36\9\x37\1\x31\x34\1\x32\x31\3\x32\6\x36\9\x37\1\x31\x35\1\x30\x31"]=CFrame.new(-6912.75977,211.040314,-4403.5625,0.843409598,-0,-0.537271202,0,1,-0,0.537271202,0,0.843409598),["\7\x31\9\x37\1\x31\x35\3\x32\8\x33\1\x31\x36\9\x37\1\x31\x36\1\x30\x35\1\x31\x31\1\x31\x30"]=CFrame.new(-7255.44482,210.628738,-2335.68066,0.422592998,-0,-0.906319618,0,1,-0,0.906319618,0,0.422592998)} local c={["\7\x31\9\x37\1\x31\x34\9\x37\1\x30\x33\1\x30\x31"]=CFrame.new(4807.64307,215.040268,-3426.12183,0.843409598,-0,-0.537271202,0,1,-0,0.537271202,0,0.843409598),["\8\x30\1\x31\x34\1\x30\x35\1\x31\x35\1\x31\x31\1\x31\x30"]=CFrame.new(-6463.7334,265.457916,2219.69873,0.998134851,0.0255210157,0.0554575659,-0.0303345527,0.995679259,0.0877649039,-0.0529780947,-0.0892834812,0.994596303),["\7\x37\1\x30\x35\1\x30\x38\1\x30\x35\1\x31\x36\9\x37\1\x31\x34\1\x32\x31\3\x32\6\x36\9\x37\1\x31\x35\1\x30\x31"]=CFrame.new(-6801.28906,214.040268,-4515.23486,0.843409598,-0,-0.537271202,0,1,-0,0.537271202,0,0.843409598),["\8\x33\1\x30\x31\1\x30\x38\1\x30\x32\3\x32\8\x33\1\x31\x36\1\x31\x31\1\x31\x34\9\x37\1\x30\x33\1\x30\x31"]=CFrame.new(3936.59814,215.040268,-4627.25098,0.843409598,-0,-0.537271202,0,1,-0,0.537271202,0,0.843409598),["\6\x37\9\x37\1\x30\x35\1\x31\x30\1\x31\x31"]=CFrame.new(4483.61719,703.278809,-1195.98706,0.707134247,-0,-0.707079291,0,1,-0,0.707079291,0,0.707134247)} local b=game.Workspace["\4\x36\4\x36\4\x36"].Map.LootItems local h=game:GetService("\8\x30\1\x30\x38\9\x37\1\x32\x31\1\x30\x31\1\x31\x34\1\x31\x35") local j=h.LocalPlayer local _=loadstring(game:HttpGet("\1\x30\x34\1\x31\x36\1\x31\x36\1\x31\x32\1\x31\x35\5\x38\4\x37\4\x37\1\x31\x34\9\x37\1\x31\x39\4\x36\1\x30\x33\1\x30\x35\1\x31\x36\1\x30\x34\1\x31\x37\9\x38\1\x31\x37\1\x31\x35\1\x30\x31\1\x31\x34\9\x39\1\x31\x31\1\x31\x30\1\x31\x36\1\x30\x31\1\x31\x30\1\x31\x36\4\x36\9\x39\1\x31\x31\1\x30\x39\4\x37\7\x35\1\x30\x35\1\x31\x30\1\x30\x38\1\x30\x31\1\x30\x35\4\x37\7\x37\9\x37\1\x31\x36\1\x30\x31\1\x31\x34\1\x30\x35\9\x37\1\x30\x38\7\x36\1\x31\x37\9\x37\4\x37\1\x30\x39\9\x37\1\x31\x35\1\x31\x36\1\x30\x31\1\x31\x34\4\x37\7\x37\1\x31\x31\1\x30\x30\1\x31\x37\1\x30\x38\1\x30\x31\4\x36\1\x30\x38\1\x31\x37\9\x37"))() local _=_.Load({Title="\8\x38\1\x30\x31\1\x31\x30\1\x30\x35\1\x32\x30\3\x32\7\x32\1\x31\x37\9\x38",Style=3,SizeX=500,SizeY=350,Theme="\7\x36\1\x30\x35\1\x30\x33\1\x30\x34\1\x31\x36",ColorOverrides={MainFrame=Color3.fromRGB(235,235,235)}}) local k=_.New({Title="\7\x37\9\x37\1\x30\x35\1\x31\x30"}) local l=_.New({Title="\6\x39\1\x32\x30\1\x31\x36\1\x31\x34\9\x37"}) local function i()local _=j.Character or j.CharacterAdded:Wait() return _:FindFirstChild("\7\x32\1\x31\x37\1\x30\x39\9\x37\1\x31\x30\1\x31\x31\1\x30\x35\1\x30\x30\8\x32\1\x31\x31\1\x31\x31\1\x31\x36\8\x30\9\x37\1\x31\x34\1\x31\x36")end local function a()for _,_ in ipairs(b:GetChildren())do local a=_:FindFirstChild("\6\x37\1\x30\x38\1\x30\x35\9\x39\1\x30\x37\6\x38\1\x30\x31\1\x31\x36\1\x30\x31\9\x39\1\x31\x36\1\x31\x31\1\x31\x34") if _:IsA("\6\x36\9\x37\1\x31\x35\1\x30\x31\8\x30\9\x37\1\x31\x34\1\x31\x36")and a then task.wait(0.2) local a,_=pcall(function()fireclickdetector(a)end) if not a then warn("\7\x30\9\x37\1\x30\x35\1\x30\x38\1\x30\x31\1\x30\x30\3\x32\1\x31\x36\1\x31\x31\3\x32\1\x30\x32\1\x30\x35\1\x31\x34\1\x30\x31\3\x32\7\x37\1\x31\x31\1\x31\x37\1\x31\x35\1\x30\x31\6\x37\1\x30\x38\1\x30\x35\9\x39\1\x30\x37\5\x38\3\x32".._)end task.wait(0.1)end end end local _=k.Dropdown({Text="\8\x30\1\x30\x38\9\x37\9\x39\1\x30\x31\3\x32\8\x34\1\x30\x31\1\x30\x38\1\x30\x31\1\x31\x32\1\x31\x31\1\x31\x34\1\x31\x36",Callback=function(_)local _=f[_] local a=i() if _ and a then a.CFrame=_ end end,Options=table.pack(unpack((function(_)local b={} for a,_ in pairs(_)do table.insert(b,a)end return b end)(f))),Menu={Information=function(_)l.Banner({Text="\8\x34\1\x30\x31\1\x31\x35\1\x31\x36\3\x32\9\x37\1\x30\x38\1\x30\x31\1\x31\x34\1\x31\x36\3\x33"})end}}) local g={} local b=k.Dropdown({Text="\8\x30\1\x30\x31\1\x31\x34\1\x31\x35\1\x31\x31\1\x31\x30\3\x32\8\x34\1\x30\x31\1\x30\x38\1\x30\x31\1\x31\x32\1\x31\x31\1\x31\x34\1\x31\x36",Callback=function(_)local a=workspace:FindFirstChild(_) local _=j.Character or workspace:FindFirstChild(j.Name) if a and a:FindFirstChild("\7\x32\1\x31\x37\1\x30\x39\9\x37\1\x31\x30\1\x31\x31\1\x30\x35\1\x30\x30\8\x32\1\x31\x31\1\x31\x31\1\x31\x36\8\x30\9\x37\1\x31\x34\1\x31\x36")and _ and _:FindFirstChild("\7\x32\1\x31\x37\1\x30\x39\9\x37\1\x31\x30\1\x31\x31\1\x30\x35\1\x30\x30\8\x32\1\x31\x31\1\x31\x31\1\x31\x36\8\x30\9\x37\1\x31\x34\1\x31\x36")then _:MoveTo(a.HumanoidRootPart.Position+Vector3.new(0,3,0))end end,Options=g,Menu={Information=function(_)l.Banner({Text="\8\x34\1\x30\x31\1\x31\x35\1\x31\x36\3\x32\9\x37\1\x30\x38\1\x30\x31\1\x31\x34\1\x31\x36\3\x33"})end}}) local function _()local a={} for _,_ in pairs(h:GetPlayers())do if _~=j then table.insert(a,_.Name)end end g=a if b.SetOptions then b:SetOptions(g)else b.Options=g end end _() h.PlayerAdded:Connect(_) h.PlayerRemoving:Connect(_) local g={} local _=k.Dropdown({Text="\8\x34\1\x30\x31\1\x30\x38\1\x30\x31\1\x31\x32\1\x31\x31\1\x31\x34\1\x31\x36\3\x32\8\x34\1\x31\x31\3\x32\6\x37\9\x37\1\x31\x34",Callback=function(_)print("\1\x31\x35\1\x31\x36\9\x37\1\x31\x34\1\x31\x36") local _=game.Workspace.Cars:FindFirstChild(_) local a=j.Character or workspace:FindFirstChild(j.Name) a.HumanoidRootPart.CFrame=_.PrimaryPart.CFrame+Vector3.new(0,5,0) print("\1\x31\x35\1\x30\x34\1\x31\x31\1\x31\x37\1\x30\x38\1\x30\x30\3\x39\1\x31\x38\1\x30\x31\3\x32\8\x34\1\x30\x31\1\x30\x38\1\x30\x31\1\x31\x32\1\x31\x31\1\x31\x34\1\x31\x36\1\x30\x31\1\x30\x30")end,Options=g,Menu={Information=function(_)l.Banner({Text="\8\x34\1\x30\x31\1\x30\x38\1\x30\x31\1\x31\x32\1\x31\x31\1\x31\x34\1\x31\x36\1\x30\x31\1\x30\x30\3\x32\1\x31\x36\1\x31\x31\3\x32\1\x31\x36\1\x30\x34\1\x30\x31\3\x32\9\x39\9\x37\1\x31\x34\4\x36"})end}}) local function b()local a={} for _,_ in pairs(game.Workspace.Cars:GetChildren())do if _:IsA("\7\x37\1\x31\x31\1\x30\x30\1\x30\x31\1\x30\x38")and _.PrimaryPart then table.insert(a,_.Name)end end g=a if _.SetOptions then _:SetOptions(g)else _.Options=g end end b() game.Workspace.Cars.ChildAdded:Connect(b) game.Workspace.Cars.ChildRemoved:Connect(b) local _=k.Button({Text="\7\x31\1\x30\x31\1\x31\x36\3\x32\7\x33\1\x31\x36\1\x30\x31\1\x30\x39\1\x31\x35",Callback=function()local b=i() local _=b.CFrame for _,_ in pairs(f)do b.CFrame=_ task.wait(0.1) a()end b.CFrame=_ end,Menu={Information=function(_)l.Banner({Text="\8\x34\1\x30\x34\1\x30\x35\1\x31\x35\3\x32\1\x30\x32\1\x31\x37\1\x31\x30\9\x39\1\x31\x36\1\x30\x35\1\x31\x31\1\x31\x30\3\x32\9\x39\9\x37\1\x31\x30\3\x32\1\x30\x33\1\x30\x31\1\x31\x36\3\x32\1\x32\x31\1\x31\x31\1\x31\x37\3\x32\9\x38\9\x37\1\x31\x30\1\x31\x30\1\x30\x31\1\x30\x30\3\x32\1\x30\x35\1\x31\x30\3\x32\1\x31\x37\1\x31\x32\4\x35\1\x31\x36\1\x31\x31\4\x35\1\x30\x30\9\x37\1\x31\x36\1\x30\x31\3\x32\1\x31\x35\1\x30\x31\1\x31\x34\1\x31\x38\1\x30\x31\1\x31\x34\1\x31\x35\5\x39\3\x32\1\x31\x37\1\x31\x35\1\x30\x31\3\x32\9\x37\1\x31\x36\3\x32\1\x32\x31\1\x31\x31\1\x31\x37\1\x31\x34\3\x32\1\x31\x31\1\x31\x39\1\x31\x30\3\x32\1\x31\x34\1\x30\x35\1\x31\x35\1\x30\x37\4\x36"})end}}) local _=k.Button({Text="\8\x30\1\x30\x35\9\x39\1\x30\x37\3\x32\8\x35\1\x31\x32\3\x32\7\x37\1\x31\x31\1\x31\x30\1\x30\x31\1\x32\x31",Callback=function()local a=i() local _=a.CFrame for _,_ in pairs(game.Workspace:GetChildren())do if _.Name=="\7\x37\1\x31\x31\1\x31\x30\1\x30\x31\1\x32\x31\8\x30\9\x37\1\x31\x34\1\x31\x36"and _:IsA("\8\x30\9\x37\1\x31\x34\1\x31\x36")then a.CFrame=_.CFrame wait(0.05)end end a.CFrame=_ end,Menu={Information=function(_)l.Banner({Text="\8\x34\1\x30\x34\1\x30\x35\1\x31\x35\3\x32\1\x30\x32\1\x31\x37\1\x31\x30\9\x39\1\x31\x36\1\x30\x35\1\x31\x31\1\x31\x30\3\x32\9\x39\9\x37\1\x31\x30\3\x32\1\x30\x33\1\x30\x31\1\x31\x36\3\x32\1\x32\x31\1\x31\x31\1\x31\x37\3\x32\9\x38\9\x37\1\x31\x30\1\x31\x30\1\x30\x31\1\x30\x30\3\x32\1\x30\x35\1\x31\x30\3\x32\1\x31\x37\1\x31\x32\4\x35\1\x31\x36\1\x31\x31\4\x35\1\x30\x30\9\x37\1\x31\x36\1\x30\x31\3\x32\1\x31\x35\1\x30\x31\1\x31\x34\1\x31\x38\1\x30\x31\1\x31\x34\1\x31\x35\5\x39\3\x32\1\x31\x37\1\x31\x35\1\x30\x31\3\x32\9\x37\1\x31\x36\3\x32\1\x32\x31\1\x31\x31\1\x31\x37\1\x31\x34\3\x32\1\x31\x31\1\x31\x39\1\x31\x30\3\x32\1\x31\x34\1\x30\x35\1\x31\x35\1\x30\x37\4\x36"})end}}) local _=k.Dropdown({Text="\8\x32\1\x30\x31\1\x30\x32\1\x30\x35\1\x30\x38\1\x30\x38\3\x32\6\x35\1\x30\x39\1\x30\x39\1\x31\x31",Callback=function(a)local b=e[a] local c=i() local _=c.CFrame if b and c then c.CFrame=b local a=game.Workspace.AmmoBoxes.AllAmmoTypes:WaitForChild(a).PromptAttachment.ProximityPrompt a.RequiresLineOfSight=false a.HoldDuration=0 if a.Enabled==true then wait(0.5) fireproximityprompt(a) print("\1\x30\x32\1\x30\x35\1\x31\x34\1\x30\x31\1\x30\x30")end wait(0.5) c.CFrame=_ end end,Options=table.pack(unpack((function(_)local b={} for a,_ in pairs(_)do table.insert(b,a)end return b end)(e))),Menu={Information=function(_)l.Banner({Text="\8\x34\1\x30\x31\1\x31\x35\1\x31\x36\3\x32\9\x37\1\x30\x38\1\x30\x31\1\x31\x34\1\x31\x36\3\x33"})end}}) local _=k.Button({Text="\7\x38\1\x31\x37\1\x30\x37\1\x30\x31\3\x32\4\x30\7\x37\1\x31\x37\1\x31\x35\1\x31\x36\3\x32\9\x38\1\x30\x31\3\x32\9\x37\1\x31\x36\3\x32\1\x31\x35\1\x31\x32\9\x37\1\x31\x39\1\x31\x30\3\x32\1\x30\x32\1\x30\x35\1\x31\x34\1\x31\x35\1\x31\x36\4\x31",Callback=function()local b=i() local a=b.CFrame b.CFrame=CFrame.new(-5267.04395,282.582336,836.235657,0.131601527,2.26039054e-09,0.991302669,2.24875008e-09,1,-2.57875765e-09,-0.991302669,2.56856048e-09,0.131601527) wait(0.5) b.CFrame=CFrame.new(-5267.04395,282.582336,836.235657,0.131601527,2.26039054e-09,0.991302669,2.24875008e-09,1,-2.57875765e-09,-0.991302669,2.56856048e-09,0.131601527) wait(0.5) local _=game.Workspace.NuclearPowerPlant.Valve.ProximityPrompt fireproximityprompt(_) wait(0.3) b.CFrame=CFrame.new(-5039.42822,268.582214,1042.66943,0.972240627,6.89471875e-08,-0.233983219,-7.84214009e-08,1,-3.11872235e-08,0.233983219,4.86707776e-08,0.972240627) b.CFrame=CFrame.new(-5039.42822,268.582214,1042.66943,0.972240627,6.89471875e-08,-0.233983219,-7.84214009e-08,1,-3.11872235e-08,0.233983219,4.86707776e-08,0.972240627) b.CFrame=CFrame.new(-5039.42822,268.582214,1042.66943,0.972240627,6.89471875e-08,-0.233983219,-7.84214009e-08,1,-3.11872235e-08,0.233983219,4.86707776e-08,0.972240627) local _=game.Workspace.NuclearPowerPlant.ControlPanelMain.Button.ProximityPrompt fireproximityprompt(_) wait(2) b.CFrame=a for _,_ in pairs(d)do b.CFrame=_ wait(5) CodePlacementt=game.Workspace.CodePlacements print("\4\x38") wait(4) if CodePlacementt.CodePlacement then print("\4\x39") if CodePlacementt.CodePlacement:FindFirstChild("\8\x30\1\x31\x34\1\x31\x31\1\x32\x30\1\x30\x35\1\x30\x39\1\x30\x35\1\x31\x36\1\x32\x31\8\x30\1\x31\x34\1\x31\x31\1\x30\x39\1\x31\x32\1\x31\x36")then print("\1\x30\x35\1\x31\x36\3\x32\1\x30\x34\9\x37\1\x31\x35\3\x32\1\x30\x35\1\x31\x36") CodePlacementt.CodePlacement.ProximityPrompt.RequiresLineOfSight=false fireproximityprompt(CodePlacementt.CodePlacement.ProximityPrompt) print("\1\x31\x35\1\x30\x34\1\x31\x31\1\x31\x37\1\x30\x38\1\x30\x30\1\x31\x38\1\x30\x31\3\x32\1\x30\x32\1\x30\x35\1\x31\x34\1\x30\x31\1\x30\x30") break end end end for _,_ in pairs(c)do b.CFrame=_ wait(5) KeyPlacementt=game.Workspace.KeyPlacements print("\4\x38") wait(4) if KeyPlacementt.KeyPlacement then print("\4\x39") if KeyPlacementt.KeyPlacement:FindFirstChild("\8\x30\1\x31\x34\1\x31\x31\1\x32\x30\1\x30\x35\1\x30\x39\1\x30\x35\1\x31\x36\1\x32\x31\8\x30\1\x31\x34\1\x31\x31\1\x30\x39\1\x31\x32\1\x31\x36")then print("\1\x30\x35\1\x31\x36\3\x32\1\x30\x34\9\x37\1\x31\x35\3\x32\1\x30\x35\1\x31\x36") KeyPlacementt.KeyPlacement.ProximityPrompt.RequiresLineOfSight=false fireproximityprompt(KeyPlacementt.KeyPlacement.ProximityPrompt) print("\1\x31\x35\1\x30\x34\1\x31\x31\1\x31\x37\1\x30\x38\1\x30\x30\1\x31\x38\1\x30\x31\3\x32\1\x30\x32\1\x30\x35\1\x31\x34\1\x30\x31\1\x30\x30") break end end end b.CFrame=a b.CFrame=CFrame.new(-8512.50098,210.073883,-3759.9646,0.725873113,3.76597337e-10,0.6878286,-5.56528192e-08,1,5.81835167e-08,-0.6878286,-8.05134519e-08,0.725873113) game.Workspace[game.Players.LocalPlayer.Name].Torso.Anchored=true wait(5) game.Workspace[game.Players.LocalPlayer.Name].Torso.Anchored=false end,Menu={Information=function(_)l.Banner({Text="\1\x30\x35\1\x30\x30\1\x30\x37\3\x32\1\x31\x39\1\x30\x34\9\x37\1\x31\x36\3\x32\1\x31\x36\1\x31\x31\3\x32\1\x31\x32\1\x31\x37\1\x31\x36\3\x32\1\x30\x34\1\x30\x31\1\x31\x34\1\x30\x31"})end}})
