if setclipboard then game:GetService("\83\116\97\114\116\101\114\71\117\105"):SetCore("\83\101\110\100\78\111\116\105\102\105\99\97\116\105\111\110",{ Title = "\68\105\115\99\111\114\100", Text = "\67\111\112\105\101\100\32\100\105\115\99\111\114\100\32\116\111\32\121\111\117\114\32\99\108\105\112\98\111\97\114\100" }) setclipboard("\104\116\116\112\115\58\47\47\100\105\115\99\111\114\100\46\103\103\47\69\113\116\97\88\66\87\90\74\116") else game:GetService("\83\116\97\114\116\101\114\71\117\105"):SetCore("\83\101\110\100\78\111\116\105\102\105\99\97\116\105\111\110",{ Title = "\68\105\115\99\111\114\100", Text = "\74\111\105\110\32\100\105\115\99\111\114\100\32\104\101\114\101\58\32\104\116\116\112\115\58\47\47\100\105\115\99\111\114\100\46\103\103\47\69\113\116\97\88\66\87\90\74\116" }) end local p = { Spawn = CFrame.new(5985.77002, 16.5, 1157.95483, 1, 0, 0, 0, 1, 0, 0, 0, 1), Town = CFrame.new(2378.49854, 245.499985, -2276.47485, 0.99746418, 5.01030399e-08, -0.0711705014, -5.50377415e-08, 1, -6.73752822e-08, 0.0711705014, 7.11214909e-08, 0.99746418), Church = CFrame.new(2801.84351, 115.682617, -3469.56055, 0.99931109, 8.14176904e-09, -0.0371120796, -1.13225544e-08, 1, -8.54973692e-08, 0.0371120796, 8.58586731e-08, 0.99931109), Garage = CFrame.new(4710.49072, 214.540298, -3483.05933, 0.867838502, -2.02377635e-08, -0.496846348, 6.66159252e-08, 1, 7.5625195e-08, 0.496846348, -9.87283357e-08, 0.867838502), Farm = CFrame.new(-2833.50391, 212.142212, -4971.48193, 0.97930181, 0, -0.202405423, 0, 1, 0, 0.202405423, 0, 0.97930181), ["\71\101\110\101\114\97\108\32\83\116\111\114\101"] = CFrame.new(-1529.771, 549.602905, -907.557983, 0.97901988, -7.23542612e-08, -0.203764901, 8.0416136e-08, 1, 3.12847455e-08, 0.203764901, -4.70143711e-08, 0.97901988), ["\77\105\108\105\116\97\114\121\32\67\104\101\99\107\112\111\105\110\116"] = CFrame.new(2106.73145, 562.060791, 1021.73889, 0.969546199, 0, -0.244908482, 0, 1, 0, 0.244908482, 0, 0.969546199), Campgrounds = CFrame.new(-3689.59961, 426.016876, 4537.37109, 0.97759968, 0, -0.210472926, 0, 1, 0, 0.210472926, 0, 0.97759968), Silo = CFrame.new(-8766.87207, 256.074707, -3856.17554, -0.750356257, 2.23111152e-09, -0.66103363, -5.3415633e-10, 1, 3.98152045e-09, 0.66103363, 3.3406542e-09, -0.750356257), ["\77\105\108\105\116\97\114\121\32\66\97\115\101"] = CFrame.new(-6432.83789, 231.150604, -4420.80029, -0.998829722, 2.33169573e-08, 0.0483656563, 2.06505231e-08, 1, -5.56304123e-08, -0.0483656563, -5.45665308e-08, -0.998829722), ["\82\97\100\105\111\32\83\116\97\116\105\111\110"] = CFrame.new(1679.37842, 728.692566, -495.032257, 0.99089843, 5.89220805e-09, 0.134611577, -2.65157585e-09, 1, -2.42532323e-08, -0.134611577, 2.36755575e-08, 0.99089843), ["\80\114\105\115\111\110"] = CFrame.new(-6919.54688, 267.577789, 1862.03271, 0.998724997, -1.51144022e-08, -0.05048142, 1.4701925e-08, 1, -8.54218563e-09, 0.05048142, 7.78912046e-09, 0.998724997), ["\77\97\110\111\114"] = CFrame.new(559.629883, 212.651062, -4104.84326, 0.104891405, -1.32087674e-08, -0.994483709, -6.64761846e-09, 1, -1.39831817e-08, 0.994483709, 8.07766387e-09, 0.104891405), ["\77\97\108\108"] = CFrame.new(-1366.78369, 364.336121, 2245.50269, -0.972832859, -1.46569423e-08, -0.231508553, 7.09062586e-10, 1, -6.62901698e-08, 0.231508553, -6.46534133e-08, -0.972832859), ["\80\111\119\101\114\32\80\108\97\110\116"] = CFrame.new(-5270.31885, 268.081818, 1396.16602, 0.996412218, 4.68823469e-09, -0.0846325681, -1.11215535e-08, 1, -7.55432268e-08, 0.0846325681, 7.62134391e-08, 0.996412218), ["\67\97\114\97\118\97\110\32\83\105\116\101"] = CFrame.new(-3778.30151, 212.339462, -2915.26978, 0.999965549, -1.77197634e-08, -0.00830358826, 1.71038455e-08, 1, -7.42458397e-08, 0.00830358826, 7.41012585e-08, 0.999965549), ["\87\97\116\101\114\32\80\108\97\110\116"] = CFrame.new(-1994.75818, 220.943222, -3734.5271, -0.083926633, -1.5615635e-08, 0.996471941, -1.43756396e-09, 1, 1.55498459e-08, -0.996471941, -1.27446012e-10, -0.083926633) } local m = { ["\69\120\112\108\111\115\105\118\101\65\109\109\111"] = CFrame.new(-202, 1.25, -62, -1, 0, 0, 0, 1, 0, 0, 0, -1), ["\82\105\102\108\101\65\109\109\111"] = CFrame.new(-198.25, 0.31249997, -61.625, 0, 0, -1, 0, 1, 0, 1, 0, 0), ["\72\101\97\118\121\65\109\109\111"] = CFrame.new(-191.3125, 0.25, -61.625, -1, 0, -0, 0, 0, -1, 0, -1, -0), ["\80\105\115\116\111\108\65\109\109\111"] = CFrame.new(-195.75, 0.31249997, -61.6875, -1, 0, 0, 0, 1, 0, 0, 0, -1), ["\83\104\111\116\103\117\110\65\109\109\111"] = CFrame.new(-193.4375, 0.4375, -61.5, -1, 0, 0, 0, 1, 0, 0, 0, -1), } local _ = { ["\77\97\110\111\114"] = CFrame.new(768.4729, 211.040253, -4137.85693, 0.843409598, -0, -0.537271202, 0, 1, -0, 0.537271202, 0, 0.843409598), ["\67\97\114\97\118\101\110"] = CFrame.new(-3673.74512, 210.89003, -2582.1543, 0.984797478, -0, -0.173706517, 0, 1, -0, 0.173706517, 0, 0.984797478), ["\83\105\108\111"] = CFrame.new(-8663.89453, 255.040314, -3772.5166, 0.843409598, -0, -0.537271202, 0, 1, -0, 0.537271202, 0, 0.843409598), ["\82\97\100\105\111\32\83\116\97\116\105\111\110"] = CFrame.new(1720.13586, 729.696899, -641.161865, 1, 0, 0, 0, 1, 0, 0, 0, 1), ["\77\105\108\105\116\97\114\121\32\66\97\115\101"] = CFrame.new(-6912.75977, 211.040314, -4403.5625, 0.843409598, -0, -0.537271202, 0, 1, -0, 0.537271202, 0, 0.843409598), ["\71\97\115\32\83\116\97\116\105\111\110"] = CFrame.new(-7255.44482, 210.628738, -2335.68066, 0.422592998, -0, -0.906319618, 0, 1, -0, 0.906319618, 0, 0.422592998) } local c_ = { ["\71\97\114\97\103\101"] = CFrame.new(4807.64307, 215.040268, -3426.12183, 0.843409598, -0, -0.537271202, 0, 1, -0, 0.537271202, 0, 0.843409598), ["\80\114\105\115\111\110"] = CFrame.new(-6463.7334, 265.457916, 2219.69873, 0.998134851, 0.0255210157, 0.0554575659, -0.0303345527, 0.995679259, 0.0877649039, -0.0529780947, -0.0892834812, 0.994596303), ["\77\105\108\105\116\97\114\121\32\66\97\115\101"] = CFrame.new(-6801.28906, 214.040268, -4515.23486, 0.843409598, -0, -0.537271202, 0, 1, -0, 0.537271202, 0, 0.843409598), ["\83\101\108\102\32\83\116\111\114\97\103\101"] = CFrame.new(3936.59814, 215.040268, -4627.25098, 0.843409598, -0, -0.537271202, 0, 1, -0, 0.537271202, 0, 0.843409598), ["\67\97\105\110\111"] = CFrame.new(4483.61719, 703.278809, -1195.98706, 0.707134247, -0, -0.707079291, 0, 1, -0, 0.707079291, 0, 0.707134247) } local oc = game.Workspace["\46\46\46"].Map.LootItems local no = game:GetService("\80\108\97\121\101\114\115") local bn = no.LocalPlayer local g = loadstring(game:HttpGet("\104\116\116\112\115\58\47\47\114\97\119\46\103\105\116\104\117\98\117\115\101\114\99\111\110\116\101\110\116\46\99\111\109\47\75\105\110\108\101\105\47\77\97\116\101\114\105\97\108\76\117\97\47\109\97\115\116\101\114\47\77\111\100\117\108\101\46\108\117\97"))() local f = g.Load({ Title = "\88\101\110\105\120\32\72\117\98", Style = 3, SizeX = 500, SizeY = 350, Theme = "\76\105\103\104\116", ColorOverrides = { MainFrame = Color3.fromRGB(235,235,235) } }) local q = f.New({ Title = "\77\97\105\110" }) local r = f.New({ Title = "\69\120\116\114\97" }) local function c() local s = bn.Character or bn.CharacterAdded:Wait() return s:FindFirstChild("\72\117\109\97\110\111\105\100\82\111\111\116\80\97\114\116") end local function o() for _, lootItem in ipairs(oc:GetChildren()) do local l = lootItem:FindFirstChild("\67\108\105\99\107\68\101\116\101\99\116\111\114") if lootItem:IsA("\66\97\115\101\80\97\114\116") and l then task.wait(0.2) local d, err = pcall(function() fireclickdetector(l) end) if not d then warn("\70\97\105\108\101\100\32\116\111\32\102\105\114\101\32\77\111\117\115\101\67\108\105\99\107\58\32" .. err) end task.wait(0.1) end end end local j = q.Dropdown({ Text = "\80\108\97\99\101\32\84\101\108\101\112\111\114\116", Callback = function(h) local ej = p[h] local mp = c() if ej and mp then mp.CFrame = ej end end, Options = table.pack(unpack((function(i) local ih = {} for k, _ in pairs(i) do table.insert(ih, k) end return ih end)(p))), Menu = { Information = function(k) r.Banner({ Text = "\84\101\115\116\32\97\108\101\114\116\33" }) end } }) local i = {} local kt = q.Dropdown({ Text = "\80\101\114\115\111\110\32\84\101\108\101\112\111\114\116", Callback = function(h) local pk = workspace:FindFirstChild(h) local bno = bn.Character or workspace:FindFirstChild(bn.Name) if pk and pk:FindFirstChild("\72\117\109\97\110\111\105\100\82\111\111\116\80\97\114\116") and bno and bno:FindFirstChild("\72\117\109\97\110\111\105\100\82\111\111\116\80\97\114\116") then bno:MoveTo(pk.HumanoidRootPart.Position + Vector3.new(0, 3, 0)) end end, Options = i, Menu = { Information = function(k) r.Banner({ Text = "\84\101\115\116\32\97\108\101\114\116\33" }) end } }) local function n() local _m = {} for _, player in pairs(no:GetPlayers()) do if player ~= bn then table.insert(_m, player.Name) end end i = _m if kt.SetOptions then kt:SetOptions(i) else kt.Options = i end end n() no.PlayerAdded:Connect(n) no.PlayerRemoving:Connect(n) local c_m = {} local oc_ = q.Dropdown({ Text = "\84\101\108\101\112\111\114\116\32\84\111\32\67\97\114", Callback = function(h) print("\115\116\97\114\116") local noc = game.Workspace.Cars:FindFirstChild(h) local bno = bn.Character or workspace:FindFirstChild(bn.Name) bno.HumanoidRootPart.CFrame = noc.PrimaryPart.CFrame + Vector3.new(0, 5, 0) print("\115\104\111\117\108\100\39\118\101\32\84\101\108\101\112\111\114\116\101\100") end, Options = c_m, Menu = { Information = function(k) r.Banner({ Text = "\84\101\108\101\112\111\114\116\101\100\32\116\111\32\116\104\101\32\99\97\114\46" }) end } }) local function b() local gb = {} for _, noc in pairs(game.Workspace.Cars:GetChildren()) do if noc:IsA("\77\111\100\101\108") and noc.PrimaryPart then table.insert(gb, noc.Name) end end c_m = gb if oc_.SetOptions then oc_:SetOptions(c_m) else oc_.Options = c_m end end b() game.Workspace.Cars.ChildAdded:Connect(b) game.Workspace.Cars.ChildRemoved:Connect(b) local fg = q.Button({ Text = "\71\101\116\32\73\116\101\109\115", Callback = function() local mp = c() local _mp = mp.CFrame for _, location in pairs(p) do mp.CFrame = location task.wait(0.1) o() end mp.CFrame = _mp end, Menu = { Information = function(k) r.Banner({ Text = "\84\104\105\115\32\102\117\110\99\116\105\111\110\32\99\97\110\32\103\101\116\32\121\111\117\32\98\97\110\110\101\100\32\105\110\32\117\112\45\116\111\45\100\97\116\101\32\115\101\114\118\101\114\115\59\32\117\115\101\32\97\116\32\121\111\117\114\32\111\119\110\32\114\105\115\107\46" }) end } }) local sr = q.Button({ Text = "\80\105\99\107\32\85\112\32\77\111\110\101\121", Callback = function() local mp = c() local _mp = mp.CFrame for i, v in pairs(game.Workspace:GetChildren()) do if v.Name == "\77\111\110\101\121\80\97\114\116" and v:IsA("\80\97\114\116") then mp.CFrame = v.CFrame wait(0.05) end end mp.CFrame = _mp end, Menu = { Information = function(k) r.Banner({ Text = "\84\104\105\115\32\102\117\110\99\116\105\111\110\32\99\97\110\32\103\101\116\32\121\111\117\32\98\97\110\110\101\100\32\105\110\32\117\112\45\116\111\45\100\97\116\101\32\115\101\114\118\101\114\115\59\32\117\115\101\32\97\116\32\121\111\117\114\32\111\119\110\32\114\105\115\107\46" }) end } }) local jd = q.Dropdown({ Text = "\82\101\102\105\108\108\32\65\109\109\111", Callback = function(h) local ej = m[h] local mp = c() local ihe = mp.CFrame if ej and mp then mp.CFrame = ej local ti =  game.Workspace.AmmoBoxes.AllAmmoTypes:WaitForChild(h).PromptAttachment.ProximityPrompt ti.RequiresLineOfSight = false ti.HoldDuration = 0 if ti.Enabled == true then wait(0.5) fireproximityprompt(ti) print("\102\105\114\101\100") end wait(0.5) mp.CFrame = ihe end end, Options = table.pack(unpack((function(i) local kti = {} for k, _ in pairs(i) do table.insert(kti, k) end return kti end)(m))), Menu = { Information = function(k) r.Banner({ Text = "\84\101\115\116\32\97\108\101\114\116\33" }) end } }) local pkt = q.Button({ Text = "\78\117\107\101\32\40\77\117\115\116\32\98\101\32\97\116\32\115\112\97\119\110\32\102\105\114\115\116\41", Callback = function() local mp = c() local _mp = mp.CFrame mp.CFrame = CFrame.new(-5267.04395, 282.582336, 836.235657, 0.131601527, 2.26039054e-09, 0.991302669, 2.24875008e-09, 1, -2.57875765e-09, -0.991302669, 2.56856048e-09, 0.131601527) wait(0.5) mp.CFrame = CFrame.new(-5267.04395, 282.582336, 836.235657, 0.131601527, 2.26039054e-09, 0.991302669, 2.24875008e-09, 1, -2.57875765e-09, -0.991302669, 2.56856048e-09, 0.131601527) wait(0.5) local c_mp = game.Workspace.NuclearPowerPlant.Valve.ProximityPrompt fireproximityprompt(c_mp) wait(0.3) mp.CFrame = CFrame.new(-5039.42822, 268.582214, 1042.66943, 0.972240627, 6.89471875e-08, -0.233983219, -7.84214009e-08, 1, -3.11872235e-08, 0.233983219, 4.86707776e-08, 0.972240627) mp.CFrame = CFrame.new(-5039.42822, 268.582214, 1042.66943, 0.972240627, 6.89471875e-08, -0.233983219, -7.84214009e-08, 1, -3.11872235e-08, 0.233983219, 4.86707776e-08, 0.972240627) mp.CFrame = CFrame.new(-5039.42822, 268.582214, 1042.66943, 0.972240627, 6.89471875e-08, -0.233983219, -7.84214009e-08, 1, -3.11872235e-08, 0.233983219, 4.86707776e-08, 0.972240627) local oc_m = game.Workspace.NuclearPowerPlant.ControlPanelMain.Button.ProximityPrompt fireproximityprompt(oc_m) wait(2) mp.CFrame = _mp for key, value in pairs(_) do mp.CFrame = value  wait(5) CodePlacementt = game.Workspace.CodePlacements print("\48") wait(4) if CodePlacementt.CodePlacement then print("\49") if CodePlacementt.CodePlacement:FindFirstChild("\80\114\111\120\105\109\105\116\121\80\114\111\109\112\116") then print("\105\116\32\104\97\115\32\105\116") CodePlacementt.CodePlacement.ProximityPrompt.RequiresLineOfSight = false fireproximityprompt(CodePlacementt.CodePlacement.ProximityPrompt) print("\115\104\111\117\108\100\118\101\32\102\105\114\101\100") break end end end for key, value in pairs(c_) do mp.CFrame = value  wait(5) KeyPlacementt = game.Workspace.KeyPlacements print("\48") wait(4) if KeyPlacementt.KeyPlacement then print("\49") if KeyPlacementt.KeyPlacement:FindFirstChild("\80\114\111\120\105\109\105\116\121\80\114\111\109\112\116") then print("\105\116\32\104\97\115\32\105\116") KeyPlacementt.KeyPlacement.ProximityPrompt.RequiresLineOfSight = false fireproximityprompt(KeyPlacementt.KeyPlacement.ProximityPrompt) print("\115\104\111\117\108\100\118\101\32\102\105\114\101\100") break end end end mp.CFrame = _mp mp.CFrame = CFrame.new(-8512.50098, 210.073883, -3759.9646, 0.725873113, 3.76597337e-10, 0.6878286, -5.56528192e-08, 1, 5.81835167e-08, -0.6878286, -8.05134519e-08, 0.725873113) game.Workspace[game.Players.LocalPlayer.Name].Torso.Anchored = true wait(5) game.Workspace[game.Players.LocalPlayer.Name].Torso.Anchored = false end, Menu = { Information = function(k) r.Banner({ Text = "\105\100\107\32\119\104\97\116\32\116\111\32\112\117\116\32\104\101\114\101" }) end } }) 
