if _G.Theme then else _G.Theme="\x42\x4F"end _G.Activated=true _G.ActivatedB=true _G.ESP=true _G.ESPP=false local l=15 local h=15 _G.Admin=false local m=0.7 local p=0.6 local z={255,255,255} local A={255,0,0} local u={255,0,0} if setclipboard then game:GetService("\x53\x74\x61\x72\x74\x65\x72\x47\x75\x69"):SetCore("\x53\x65\x6E\x64\x4E\x6F\x74\x69\x66\x69\x63\x61\x74\x69\x6F\x6E",{Title="\x44\x69\x73\x63\x6F\x72\x64",Text="\x43\x6F\x70\x69\x65\x64\x20\x64\x69\x73\x63\x6F\x72\x64\x20\x74\x6F\x20\x79\x6F\x75\x72\x20\x63\x6C\x69\x70\x62\x6F\x61\x72\x64",Duration=10}) setclipboard("\x68\x74\x74\x70\x73\x3A\x2F\x2F\x64\x69\x73\x63\x6F\x72\x64\x2E\x67\x67\x2F\x45\x71\x74\x61\x58\x42\x57\x5A\x4A\x74")else game:GetService("\x53\x74\x61\x72\x74\x65\x72\x47\x75\x69"):SetCore("\x53\x65\x6E\x64\x4E\x6F\x74\x69\x66\x69\x63\x61\x74\x69\x6F\x6E",{Title="\x44\x69\x73\x63\x6F\x72\x64",Text="\x4A\x6F\x69\x6E\x20\x64\x69\x73\x63\x6F\x72\x64\x20\x68\x65\x72\x65\x3A\x20\x68\x74\x74\x70\x73\x3A\x2F\x2F\x64\x69\x73\x63\x6F\x72\x64\x2E\x67\x67\x2F\x45\x71\x74\x61\x58\x42\x57\x5A\x4A\x74",Duration=10})end local q={Spawn=CFrame.new(5985.77002,16.5,1157.95483,1,0,0,0,1,0,0,0,1),Town=CFrame.new(2378.49854,245.499985,-2276.47485,0.99746418,5.01030399e-08,-0.0711705014,-5.50377415e-08,1,-6.73752822e-08,0.0711705014,7.11214909e-08,0.99746418),Church=CFrame.new(2801.84351,115.682617,-3469.56055,0.99931109,8.14176904e-09,-0.0371120796,-1.13225544e-08,1,-8.54973692e-08,0.0371120796,8.58586731e-08,0.99931109),Garage=CFrame.new(4710.49072,214.540298,-3483.05933,0.867838502,-2.02377635e-08,-0.496846348,6.66159252e-08,1,7.5625195e-08,0.496846348,-9.87283357e-08,0.867838502),Farm=CFrame.new(-2833.50391,212.142212,-4971.48193,0.97930181,0,-0.202405423,0,1,0,0.202405423,0,0.97930181),["\x47\x65\x6E\x65\x72\x61\x6C\x20\x53\x74\x6F\x72\x65"]=CFrame.new(-1529.771,549.602905,-907.557983,0.97901988,-7.23542612e-08,-0.203764901,8.0416136e-08,1,3.12847455e-08,0.203764901,-4.70143711e-08,0.97901988),["\x4D\x69\x6C\x69\x74\x61\x72\x79\x20\x43\x68\x65\x63\x6B\x70\x6F\x69\x6E\x74"]=CFrame.new(2106.73145,562.060791,1021.73889,0.969546199,0,-0.244908482,0,1,0,0.244908482,0,0.969546199),Campgrounds=CFrame.new(-3689.59961,426.016876,4537.37109,0.97759968,0,-0.210472926,0,1,0,0.210472926,0,0.97759968),Silo=CFrame.new(-8766.87207,256.074707,-3856.17554,-0.750356257,2.23111152e-09,-0.66103363,-5.3415633e-10,1,3.98152045e-09,0.66103363,3.3406542e-09,-0.750356257),["\x4D\x69\x6C\x69\x74\x61\x72\x79\x20\x42\x61\x73\x65"]=CFrame.new(-6432.83789,231.150604,-4420.80029,-0.998829722,2.33169573e-08,0.0483656563,2.06505231e-08,1,-5.56304123e-08,-0.0483656563,-5.45665308e-08,-0.998829722),["\x52\x61\x64\x69\x6F\x20\x53\x74\x61\x74\x69\x6F\x6E"]=CFrame.new(1679.37842,728.692566,-495.032257,0.99089843,5.89220805e-09,0.134611577,-2.65157585e-09,1,-2.42532323e-08,-0.134611577,2.36755575e-08,0.99089843),["\x50\x72\x69\x73\x6F\x6E"]=CFrame.new(-6919.54688,267.577789,1862.03271,0.998724997,-1.51144022e-08,-0.05048142,1.4701925e-08,1,-8.54218563e-09,0.05048142,7.78912046e-09,0.998724997),["\x4D\x61\x6E\x6F\x72"]=CFrame.new(559.629883,212.651062,-4104.84326,0.104891405,-1.32087674e-08,-0.994483709,-6.64761846e-09,1,-1.39831817e-08,0.994483709,8.07766387e-09,0.104891405),["\x4D\x61\x6C\x6C"]=CFrame.new(-1366.78369,364.336121,2245.50269,-0.972832859,-1.46569423e-08,-0.231508553,7.09062586e-10,1,-6.62901698e-08,0.231508553,-6.46534133e-08,-0.972832859),["\x50\x6F\x77\x65\x72\x20\x50\x6C\x61\x6E\x74"]=CFrame.new(-5270.31885,268.081818,1396.16602,0.996412218,4.68823469e-09,-0.0846325681,-1.11215535e-08,1,-7.55432268e-08,0.0846325681,7.62134391e-08,0.996412218),["\x43\x61\x72\x61\x76\x61\x6E\x20\x53\x69\x74\x65"]=CFrame.new(-3778.30151,212.339462,-2915.26978,0.999965549,-1.77197634e-08,-0.00830358826,1.71038455e-08,1,-7.42458397e-08,0.00830358826,7.41012585e-08,0.999965549),["\x57\x61\x74\x65\x72\x20\x50\x6C\x61\x6E\x74"]=CFrame.new(-1994.75818,220.943222,-3734.5271,-0.083926633,-1.5615635e-08,0.996471941,-1.43756396e-09,1,1.55498459e-08,-0.996471941,-1.27446012e-10,-0.083926633),["\x48\x65\x6C\x69\x20\x53\x70\x61\x77\x6E"]=CFrame.new(-6933.37256,223.151031,-4616.26074,-0.216365844,-5.27620898e-08,-0.976312339,-1.42168544e-09,1,-5.37271561e-08,0.976312339,-1.02367128e-08,-0.216365844),["\x53\x69\x6C\x6F\x20\x4C\x61\x75\x6E\x63\x68\x20\x43\x6F\x6E\x74\x72\x6F\x6C"]=CFrame.new(-8513.5459,210.073868,-3758.29517,0.668540776,-9.63736202e-09,0.74367547,3.26636105e-08,1,-1.640446e-08,-0.74367547,3.52581786e-08,0.668540776),["\x43\x61\x73\x69\x6E\x6F"]=CFrame.new(4483.61719,703.278809,-1195.98706,0.707134247,-0,-0.707079291,0,1,-0,0.707079291,0,0.707134247),["\x47\x61\x73\x20\x53\x74\x61\x74\x69\x6F\x6E"]=CFrame.new(-7255.44482,210.628738,-2335.68066,0.422592998,-0,-0.906319618,0,1,-0,0.906319618,0,0.422592998),["\x54\x65\x73\x74"]=CFrame.new(),["\x52\x61\x63\x65\x20\x54\x72\x61\x63\x6B"]=CFrame.new(-6092.41602,212.13443,-2659.64453,0.83919847,7.00070579e-09,-0.543825269,-2.43918308e-08,1,-2.47669281e-08,0.543825269,3.40492612e-08,0.83919847),["\x54\x72\x61\x69\x6E"]=CFrame.new(-6464.63672,268.126129,2221.33984,-0.648024201,-9.67731779e-08,0.761619747,-4.53713618e-08,1,8.84581013e-08,-0.761619747,2.27672636e-08,-0.648024201),["\x46\x69\x72\x65\x62\x69\x72\x64"]=CFrame.new(-1352.4834,363.836792,1737.65491,-0.996025085,5.1132627e-08,0.0890730545,5.59515811e-08,1,5.16043102e-08,-0.0890730545,5.63829659e-08,-0.996025085),["\x57\x69\x6C\x6C\x73\x64\x65\x6E"]=CFrame.new(3790.0686,214.000687,-4779.76709,0.0781914666,9.39277172e-08,0.996938348,1.57253002e-08,1,-9.54495292e-08,-0.996938348,2.3140494e-08,0.0781914666),["\x4C\x75\x6D\x62\x65\x72\x20\x59\x61\x72\x64"]=CFrame.new(3486.71289,701.775818,189.998444,-0.347047895,1.52478581e-08,-0.937847376,-7.33344834e-08,1,4.3395584e-08,0.937847376,8.38369019e-08,-0.347047895),["\x47\x6C\x6F\x62\x65\x78\x20\x4F\x69\x6C\x66\x69\x65\x6C\x64"]=CFrame.new(-1691.73059,322.650543,5746.18848,-0.882867694,-8.54789395e-09,-0.469621748,-1.75603732e-09,1,-1.49003858e-08,0.469621748,-1.23303963e-08,-0.882867694),["\x45\x61\x73\x74\x20\x4D\x6F\x75\x6E\x74\x61\x69\x6E\x73\x69\x64\x65"]=CFrame.new(-4967.21143,461.461884,5767.13965,0.95300293,1.85228792e-08,0.302961022,1.36025449e-08,1,-1.03928031e-07,-0.302961022,1.03164766e-07,0.95300293),["\x44\x65\x73\x65\x72\x74\x20\x4D\x69\x6E\x65"]=CFrame.new(-5010.25,609.095459,-1314.67249,-0.707172811,-4.76463091e-09,0.707040787,-2.93596675e-10,1,6.4451835e-09,-0.707040787,4.35027347e-09,-0.707172811),["\x44\x72\x69\x76\x65\x2D\x69\x6E\x20\x54\x68\x65\x61\x74\x65\x72"]=CFrame.new(-3774.48145,403.187622,6157.33643,0.800547421,5.95837015e-08,0.59926945,-2.90161015e-08,1,-6.06654282e-08,-0.59926945,3.11770876e-08,0.800547421)} local g={["\x45\x78\x70\x6C\x6F\x73\x69\x76\x65\x41\x6D\x6D\x6F"]=CFrame.new(-202,1.25,-62,-1,0,0,0,1,0,0,0,-1),["\x52\x69\x66\x6C\x65\x41\x6D\x6D\x6F"]=CFrame.new(-198.25,0.31249997,-61.625,0,0,-1,0,1,0,1,0,0),["\x48\x65\x61\x76\x79\x41\x6D\x6D\x6F"]=CFrame.new(-191.3125,0.25,-61.625,-1,0,-0,0,0,-1,0,-1,-0),["\x50\x69\x73\x74\x6F\x6C\x41\x6D\x6D\x6F"]=CFrame.new(-195.75,0.31249997,-61.6875,-1,0,0,0,1,0,0,0,-1),["\x53\x68\x6F\x74\x67\x75\x6E\x41\x6D\x6D\x6F"]=CFrame.new(-193.4375,0.4375,-61.5,-1,0,0,0,1,0,0,0,-1)} local d={["\x4D\x61\x6E\x6F\x72"]=CFrame.new(768.4729,211.040253,-4137.85693,0.843409598,-0,-0.537271202,0,1,-0,0.537271202,0,0.843409598),["\x43\x61\x72\x61\x76\x65\x6E"]=CFrame.new(-3673.74512,210.89003,-2582.1543,0.984797478,-0,-0.173706517,0,1,-0,0.173706517,0,0.984797478),["\x53\x69\x6C\x6F"]=CFrame.new(-8663.89453,255.040314,-3772.5166,0.843409598,-0,-0.537271202,0,1,-0,0.537271202,0,0.843409598),["\x52\x61\x64\x69\x6F\x20\x53\x74\x61\x74\x69\x6F\x6E"]=CFrame.new(1720.13586,729.696899,-641.161865,1,0,0,0,1,0,0,0,1),["\x4D\x69\x6C\x69\x74\x61\x72\x79\x20\x42\x61\x73\x65"]=CFrame.new(-6912.75977,211.040314,-4403.5625,0.843409598,-0,-0.537271202,0,1,-0,0.537271202,0,0.843409598),["\x47\x61\x73\x20\x53\x74\x61\x74\x69\x6F\x6E"]=CFrame.new(-7255.44482,210.628738,-2335.68066,0.422592998,-0,-0.906319618,0,1,-0,0.906319618,0,0.422592998)} local c={["\x47\x61\x72\x61\x67\x65"]=CFrame.new(4807.64307,215.040268,-3426.12183,0.843409598,-0,-0.537271202,0,1,-0,0.537271202,0,0.843409598),["\x50\x72\x69\x73\x6F\x6E"]=CFrame.new(-6463.7334,265.457916,2219.69873,0.998134851,0.0255210157,0.0554575659,-0.0303345527,0.995679259,0.0877649039,-0.0529780947,-0.0892834812,0.994596303),["\x4D\x69\x6C\x69\x74\x61\x72\x79\x20\x42\x61\x73\x65"]=CFrame.new(-6801.28906,214.040268,-4515.23486,0.843409598,-0,-0.537271202,0,1,-0,0.537271202,0,0.843409598),["\x53\x65\x6C\x66\x20\x53\x74\x6F\x72\x61\x67\x65"]=CFrame.new(3936.59814,215.040268,-4627.25098,0.843409598,-0,-0.537271202,0,1,-0,0.537271202,0,0.843409598),["\x43\x61\x73\x69\x6E\x6F"]=CFrame.new(4483.61719,703.278809,-1195.98706,0.707134247,-0,-0.707079291,0,1,-0,0.707079291,0,0.707134247)} local k={["\x43\x68\x75\x72\x63\x68"]=CFrame.new(2685.63647,115.432625,-3469.47681,-0.0907619521,-9.68777769e-08,0.995872617,-7.54948317e-08,1,9.0398828e-08,-0.995872617,-6.69784583e-08,-0.0907619521),["\x57\x61\x74\x65\x72\x20\x50\x6C\x61\x6E\x74"]=CFrame.new(-2052.03052,220.943054,-3657.4082,-0.58373338,6.26709262e-09,0.811945379,3.44579676e-09,1,-5.24132027e-09,-0.811945379,-2.61734856e-10,-0.58373338),["\x52\x61\x63\x65\x20\x54\x72\x61\x63\x6B"]=CFrame.new(-6092.41602,212.13443,-2659.64453,0.83919847,7.00070579e-09,-0.543825269,-2.43918308e-08,1,-2.47669281e-08,0.543825269,3.40492612e-08,0.83919847)} local a={["\x43\x61\x73\x69\x6E\x6F"]=CFrame.new(4483.61621,705.778687,-1195.98547,0.7071383,-6.84143586e-08,-0.707075238,1.70358589e-08,1,-7.97194488e-08,0.707075238,4.43270451e-08,0.7071383),["\x54\x72\x61\x69\x6E"]=CFrame.new(-6464.63672,268.126129,2221.33984,-0.648024201,-9.67731779e-08,0.761619747,-4.53713618e-08,1,8.84581013e-08,-0.761619747,2.27672636e-08,-0.648024201),["\x4D\x69\x6C\x69\x74\x61\x72\x79\x20\x42\x61\x73\x65"]=CFrame.new(-6915.04932,213.15097,-4378.15869,0.630933702,-1.74266876e-08,0.775836766,5.6669105e-09,1,1.78532957e-08,-0.775836766,-6.86764867e-09,0.630933702)} local _=CFrame.new(-6933.37256,223.151031,-4616.26074,-0.216365844,-5.27620898e-08,-0.976312339,-1.42168544e-09,1,-5.37271561e-08,0.976312339,-1.02367128e-08,-0.216365844) local B=game.Workspace["\x2E\x2E\x2E"].Map.LootItems local D=game:GetService("\x50\x6C\x61\x79\x65\x72\x73") local F=D.LocalPlayer local b=loadstring(game:HttpGet("\x68\x74\x74\x70\x73\x3A\x2F\x2F\x72\x61\x77\x2E\x67\x69\x74\x68\x75\x62\x75\x73\x65\x72\x63\x6F\x6E\x74\x65\x6E\x74\x2E\x63\x6F\x6D\x2F\x4B\x69\x6E\x6C\x65\x69\x2F\x4D\x61\x74\x65\x72\x69\x61\x6C\x4C\x75\x61\x2F\x6D\x61\x73\x74\x65\x72\x2F\x4D\x6F\x64\x75\x6C\x65\x2E\x6C\x75\x61"))() local o=game:GetService("\x52\x75\x6E\x53\x65\x72\x76\x69\x63\x65") local _=D.LocalPlayer:GetMouse() local j=game:GetService("\x55\x73\x65\x72\x49\x6E\x70\x75\x74\x53\x65\x72\x76\x69\x63\x65") local _=D.LocalPlayer local v=game.Workspace[_.Name].Humanoid if _G.Theme=="\x42\x4F"then e={MainFrame=Color3.fromRGB(15,15,15),Button=Color3.fromRGB(25,25,25),ButtonAccent=Color3.fromRGB(255,115,0),TitleBarAccent=Color3.fromRGB(255,115,0),Slider=Color3.fromRGB(25,25,25),SliderAccent=Color3.fromRGB(255,115,0),Toggle=Color3.fromRGB(255,115,0),TitleBar=Color3.fromRGB(25,25,25),ToggleAccent=Color3.fromRGB(255,115,0),Dropdown=Color3.fromRGB(25,25,25),DropdownAccent=Color3.fromRGB(255,115,0),ColorPicker=Color3.fromRGB(25,25,25),ColorPickerAccent=Color3.fromRGB(255,115,0),NavBar=Color3.fromRGB(25,25,25),NavBarInvert=Color3.fromRGB(25,25,25),NavBarAccent=Color3.fromRGB(255,115,0),Content=Color3.fromRGB(25,25,25),Banner=Color3.fromRGB(15,15,15),BannerAccent=Color3.fromRGB(15,15,15)}elseif _G.Theme=="\x42\x42"then e={MainFrame=Color3.fromRGB(15,15,15),Button=Color3.fromRGB(25,25,25),ButtonAccent=Color3.fromRGB(76,64,255),TitleBarAccent=Color3.fromRGB(76,64,255),Slider=Color3.fromRGB(25,25,25),SliderAccent=Color3.fromRGB(76,64,255),Toggle=Color3.fromRGB(76,64,255),TitleBar=Color3.fromRGB(25,25,25),ToggleAccent=Color3.fromRGB(76,64,255),Dropdown=Color3.fromRGB(25,25,25),DropdownAccent=Color3.fromRGB(76,64,255),ColorPicker=Color3.fromRGB(25,25,25),ColorPickerAccent=Color3.fromRGB(76,64,255),NavBar=Color3.fromRGB(25,25,25),NavBarInvert=Color3.fromRGB(25,25,25),NavBarAccent=Color3.fromRGB(76,64,255),Content=Color3.fromRGB(25,25,25),Banner=Color3.fromRGB(15,15,15),BannerAccent=Color3.fromRGB(15,15,15)}elseif _G.Theme=="\x42\x47"then e={MainFrame=Color3.fromRGB(15,15,15),Button=Color3.fromRGB(25,25,25),ButtonAccent=Color3.fromRGB(221,170,85),TitleBarAccent=Color3.fromRGB(221,170,85),Slider=Color3.fromRGB(25,25,25),SliderAccent=Color3.fromRGB(221,170,85),Toggle=Color3.fromRGB(221,170,85),TitleBar=Color3.fromRGB(25,25,25),ToggleAccent=Color3.fromRGB(221,170,85),Dropdown=Color3.fromRGB(25,25,25),DropdownAccent=Color3.fromRGB(221,170,85),ColorPicker=Color3.fromRGB(25,25,25),ColorPickerAccent=Color3.fromRGB(221,170,85),NavBar=Color3.fromRGB(25,25,25),NavBarInvert=Color3.fromRGB(25,25,25),NavBarAccent=Color3.fromRGB(221,170,85),Content=Color3.fromRGB(25,25,25),Banner=Color3.fromRGB(15,15,15),BannerAccent=Color3.fromRGB(15,15,15)}elseif _G.Theme=="\x42\x50"then e={MainFrame=Color3.fromRGB(15,15,15),Button=Color3.fromRGB(25,25,25),ButtonAccent=Color3.fromRGB(195,66,255),TitleBarAccent=Color3.fromRGB(195,66,255),Slider=Color3.fromRGB(25,25,25),SliderAccent=Color3.fromRGB(195,66,255),Toggle=Color3.fromRGB(195,66,255),TitleBar=Color3.fromRGB(25,25,25),ToggleAccent=Color3.fromRGB(195,66,255),Dropdown=Color3.fromRGB(25,25,25),DropdownAccent=Color3.fromRGB(195,66,255),ColorPicker=Color3.fromRGB(25,25,25),ColorPickerAccent=Color3.fromRGB(195,66,255),NavBar=Color3.fromRGB(25,25,25),NavBarInvert=Color3.fromRGB(25,25,25),NavBarAccent=Color3.fromRGB(195,66,255),Content=Color3.fromRGB(25,25,25),Banner=Color3.fromRGB(15,15,15),BannerAccent=Color3.fromRGB(15,15,15)}elseif _G.Theme==nil or _G.Theme==""then e={MainFrame=Color3.fromRGB(15,15,15),Button=Color3.fromRGB(25,25,25),ButtonAccent=Color3.fromRGB(255,115,0),TitleBarAccent=Color3.fromRGB(255,115,0),Slider=Color3.fromRGB(25,25,25),SliderAccent=Color3.fromRGB(255,115,0),Toggle=Color3.fromRGB(255,115,0),TitleBar=Color3.fromRGB(25,25,25),ToggleAccent=Color3.fromRGB(255,115,0),Dropdown=Color3.fromRGB(25,25,25),DropdownAccent=Color3.fromRGB(255,115,0),ColorPicker=Color3.fromRGB(25,25,25),ColorPickerAccent=Color3.fromRGB(255,115,0),NavBar=Color3.fromRGB(25,25,25),NavBarInvert=Color3.fromRGB(25,25,25),NavBarAccent=Color3.fromRGB(255,115,0),Content=Color3.fromRGB(25,25,25),Banner=Color3.fromRGB(15,15,15),BannerAccent=Color3.fromRGB(15,15,15)}end local _=b.Load({Title="\x58\x65\x6E\x69\x78\x20\x48\x75\x62",Style=1,SizeX=500,SizeY=350,Theme="\x44\x61\x72\x6B",ColorOverrides=e}) local C=_.New({Title="\x4D\x61\x69\x6E"}) local G=_.New({Title="\x46\x61\x72\x6D"}) local i=_.New({Title="\x42\x75\x79"}) local w=_.New({Title="\x45\x53\x50"}) local y=_.New({Title="\x54\x50"}) local x=_.New({Title="\x50\x4C\x41\x59\x45\x52"}) local function E()local _=F.Character or F.CharacterAdded:Wait() return _:FindFirstChild("\x48\x75\x6D\x61\x6E\x6F\x69\x64\x52\x6F\x6F\x74\x50\x61\x72\x74")end local function b()for _,a in ipairs(B:GetChildren())do local _=a:FindFirstChild("\x43\x6C\x69\x63\x6B\x44\x65\x74\x65\x63\x74\x6F\x72") if a:IsA("\x42\x61\x73\x65\x50\x61\x72\x74")and _ then task.wait(0.2) local _,a=pcall(function()fireclickdetector(_)end) if not _ then warn("\x46\x61\x69\x6C\x65\x64\x20\x74\x6F\x20\x66\x69\x72\x65\x20\x4D\x6F\x75\x73\x65\x43\x6C\x69\x63\x6B\x3A\x20"..a)end task.wait(0.1)end end end local function f()for _,a in ipairs(B:GetChildren())do local _=a:FindFirstChild("\x43\x6C\x69\x63\x6B\x44\x65\x74\x65\x63\x74\x6F\x72") if a:IsA("\x42\x61\x73\x65\x50\x61\x72\x74")and _ then if a.Name=="\x50\x4B\x4D"then fireclickdetector(_)elseif a.Name=="\x4D\x32"then fireclickdetector(_)elseif a.Name=="\x53\x56\x44"then fireclickdetector(_)end end end end local function e()for _,a in ipairs(B:GetChildren())do local _=a:FindFirstChild("\x43\x6C\x69\x63\x6B\x44\x65\x74\x65\x63\x74\x6F\x72") if a:IsA("\x42\x61\x73\x65\x50\x61\x72\x74")and _ then if a.Name=="\x4D\x65\x64\x69\x63\x69\x6E\x65"or a.Name=="\x4D\x65\x64\x70\x61\x63\x6B"then task.wait(0.2) local a,_=pcall(function()fireclickdetector(_)end) if not a then warn("\x46\x61\x69\x6C\x65\x64\x20\x74\x6F\x20\x66\x69\x72\x65\x20\x4D\x6F\x75\x73\x65\x43\x6C\x69\x63\x6B\x3A\x20".._)end task.wait(0.1)end end end end local _=y.Dropdown({Text="\x50\x6C\x61\x63\x65\x20\x54\x65\x6C\x65\x70\x6F\x72\x74",Callback=function(_)local _=q[_] local a=E() if _ and a then a.CFrame=_ end end,Options=table.pack(unpack((function(_)local b={} for a,_ in pairs(_)do table.insert(b,a)end return b end)(q))),Menu={Information=function(_)G.Banner({Text="\x54\x65\x73\x74\x20\x61\x6C\x65\x72\x74\x21"})end}}) local s={} local _=y.Dropdown({Text="\x50\x65\x72\x73\x6F\x6E\x20\x54\x65\x6C\x65\x70\x6F\x72\x74",Callback=function(_)local _=workspace:FindFirstChild(_) local a=F.Character or workspace:FindFirstChild(F.Name) if _ and _:FindFirstChild("\x48\x75\x6D\x61\x6E\x6F\x69\x64\x52\x6F\x6F\x74\x50\x61\x72\x74")and a and a:FindFirstChild("\x48\x75\x6D\x61\x6E\x6F\x69\x64\x52\x6F\x6F\x74\x50\x61\x72\x74")then a:MoveTo(_.HumanoidRootPart.Position+Vector3.new(0,3,0))end end,Options=s,Menu={Information=function(_)G.Banner({Text="\x54\x65\x73\x74\x20\x61\x6C\x65\x72\x74\x21"})end}}) local function n()local a={} for _,_ in pairs(D:GetPlayers())do if _~=F then table.insert(a,_.Name)end end s=a if _.SetOptions then _:SetOptions(s)else _.Options=s end end n() D.PlayerAdded:Connect(n) D.PlayerRemoving:Connect(n) local n=y.Dropdown({Text="\x54\x65\x6C\x65\x70\x6F\x72\x74\x20\x74\x6F\x20\x4C\x6F\x6F\x74",Callback=function(_)local _=B:FindFirstChild(_) local a=F.Character or workspace:FindFirstChild(F.Name) if _ and _:IsA("\x42\x61\x73\x65\x50\x61\x72\x74")and a and a:FindFirstChild("\x48\x75\x6D\x61\x6E\x6F\x69\x64\x52\x6F\x6F\x74\x50\x61\x72\x74")then a:MoveTo(_.Position+Vector3.new(0,3,0))end end,Options={},Menu={Information=function(_)G.Banner({Text="\x54\x65\x6C\x65\x70\x6F\x72\x74\x73\x20\x74\x6F\x20\x61\x20\x73\x65\x6C\x65\x63\x74\x65\x64\x20\x6C\x6F\x6F\x74\x20\x69\x74\x65\x6D\x20\x66\x72\x6F\x6D\x20\x74\x68\x65\x20\x6D\x61\x70\x2E"})end}}) local function _()local a={} if B and B:IsA("\x46\x6F\x6C\x64\x65\x72")then for _,_ in pairs(B:GetChildren())do if _:IsA("\x42\x61\x73\x65\x50\x61\x72\x74")or _:IsA("\x4D\x6F\x64\x65\x6C")then table.insert(a,_.Name)end end end a=a or{} if n.SetOptions then n:SetOptions(a)else n.Options=a end end _() B.ChildAdded:Connect(_) B.ChildRemoved:Connect(_) local s={} local _=y.Dropdown({Text="\x54\x65\x6C\x65\x70\x6F\x72\x74\x20\x54\x6F\x20\x43\x61\x72",Callback=function(_)local _=game.Workspace.Cars:FindFirstChild(_) local a=F.Character or workspace:FindFirstChild(F.Name) a.HumanoidRootPart.CFrame=_.PrimaryPart.CFrame+Vector3.new(0,5,0)end,Options=s,Menu={Information=function(_)G.Banner({Text="\x54\x65\x6C\x65\x70\x6F\x72\x74\x65\x64\x20\x74\x6F\x20\x74\x68\x65\x20\x63\x61\x72\x2E"})end}}) local function n()local a={} for _,_ in pairs(game.Workspace.Cars:GetChildren())do if _:IsA("\x4D\x6F\x64\x65\x6C")and _.PrimaryPart then table.insert(a,_.Name)end end s=a if _.SetOptions then _:SetOptions(s)else _.Options=s end end n() game.Workspace.Cars.ChildAdded:Connect(n) game.Workspace.Cars.ChildRemoved:Connect(n) local _=y.Dropdown({Text="\x4F\x62\x6A\x20\x54\x65\x6C\x65\x70\x6F\x72\x74",Callback=function(_)local _=k[_] local a=E() if _ and a then a.CFrame=_ end end,Options=table.pack(unpack((function(_)local b={} for a,_ in pairs(_)do table.insert(b,a)end return b end)(k))),Menu={Information=function(_)y.Banner({Text="\x54\x65\x73\x74\x20\x61\x6C\x65\x72\x74\x21"})end}}) local _=C.Button({Text="\x47\x65\x74\x20\x41\x6C\x6C",Callback=function()local a=E() local _=a.CFrame for _,_ in pairs(q)do game.Workspace[game.Players.LocalPlayer.Name].Torso.Anchored=true a.CFrame=_*CFrame.new(0,-20,0) task.wait(0.2) b()end a.CFrame=_ game.Workspace[game.Players.LocalPlayer.Name].Torso.Anchored=false end,Menu={Information=function(_)G.Banner({Text="\x69\x64\x6B\x20\x77\x68\x61\x74\x20\x74\x6F\x20\x70\x75\x74\x20\x68\x65\x72\x65\x2E"})end}}) local _=C.Button({Text="\x47\x65\x74\x20\x47\x75\x6E\x73",Callback=function()local b=E() local _=b.CFrame for _,_ in pairs(a)do game.Workspace[game.Players.LocalPlayer.Name].Torso.Anchored=true b.CFrame=_*CFrame.new(0,-20,0) task.wait(0.5) f() task.wait(1)end b.CFrame=_ game.Workspace[game.Players.LocalPlayer.Name].Torso.Anchored=false end,Menu={Information=function(_)G.Banner({Text="\x69\x64\x6B\x20\x77\x68\x61\x74\x20\x74\x6F\x20\x70\x75\x74\x20\x68\x65\x72\x65\x2E"})end}}) local _=C.Button({Text="\x47\x65\x74\x20\x48\x65\x61\x6C\x73",Callback=function()local a=E() local _=a.CFrame for _,_ in pairs(q)do wait(0.2) game.Workspace[game.Players.LocalPlayer.Name].Torso.Anchored=true a.CFrame=_*CFrame.new(0,-20,0) task.wait(0.1) e()end a.CFrame=_ game.Workspace[game.Players.LocalPlayer.Name].Torso.Anchored=false end,Menu={Information=function(_)G.Banner({Text="\x69\x64\x6B\x20\x77\x68\x61\x74\x20\x74\x6F\x20\x70\x75\x74\x20\x68\x65\x72\x65\x2E"})end}}) local b=false local _=C.Toggle({Text="\x49\x6E\x66\x69\x6E\x69\x74\x65\x20\x41\x6D\x6D\x6F",Callback=function(_)b=_ if b then local a,_=pcall(function()loadstring(game:HttpGet('\x68\x74\x74\x70\x73\x3A\x2F\x2F\x72\x61\x77\x2E\x67\x69\x74\x68\x75\x62\x75\x73\x65\x72\x63\x6F\x6E\x74\x65\x6E\x74\x2E\x63\x6F\x6D\x2F\x67\x69\x74\x68\x75\x62\x55\x73\x65\x72\x55\x6E\x6B\x6E\x30\x77\x6E\x2F\x73\x63\x72\x69\x70\x74\x73\x2F\x72\x65\x66\x73\x2F\x68\x65\x61\x64\x73\x2F\x6D\x61\x69\x6E\x2F\x49\x6E\x66\x69\x6E\x69\x74\x65\x41\x6D\x6D\x6F\x41\x50'))()end) if not a then game:GetService("\x53\x74\x61\x72\x74\x65\x72\x47\x75\x69"):SetCore("\x53\x65\x6E\x64\x4E\x6F\x74\x69\x66\x69\x63\x61\x74\x69\x6F\x6E",{Title="\x45\x78\x65\x63\x75\x74\x6F\x72\x20\x45\x72\x72\x6F\x72",Text="\x59\x6F\x75\x72\x20\x65\x78\x65\x63\x75\x74\x6F\x72\x20\x6D\x61\x79\x20\x6E\x6F\x74\x20\x73\x75\x70\x70\x6F\x72\x74\x20\x74\x68\x69\x73\x20\x73\x63\x72\x69\x70\x74\x2E",Duration=5}) warn("\x4C\x6F\x61\x64\x73\x74\x72\x69\x6E\x67\x20\x66\x61\x69\x6C\x65\x64\x3A\x20"..tostring(_))end end end,Menu={Information=function(_)G.Banner({Text="\x69\x64\x6B\x20\x77\x68\x61\x74\x20\x74\x6F\x20\x70\x75\x74\x20\x68\x65\x72\x65\x2E"})end}}) local f=game.Players.LocalPlayer local function a()if b then local _,a=pcall(function()loadstring(game:HttpGet('\x68\x74\x74\x70\x73\x3A\x2F\x2F\x72\x61\x77\x2E\x67\x69\x74\x68\x75\x62\x75\x73\x65\x72\x63\x6F\x6E\x74\x65\x6E\x74\x2E\x63\x6F\x6D\x2F\x67\x69\x74\x68\x75\x62\x55\x73\x65\x72\x55\x6E\x6B\x6E\x30\x77\x6E\x2F\x73\x63\x72\x69\x70\x74\x73\x2F\x72\x65\x66\x73\x2F\x68\x65\x61\x64\x73\x2F\x6D\x61\x69\x6E\x2F\x49\x6E\x66\x69\x6E\x69\x74\x65\x41\x6D\x6D\x6F\x41\x50'))()end) if not _ then game:GetService("\x53\x74\x61\x72\x74\x65\x72\x47\x75\x69"):SetCore("\x53\x65\x6E\x64\x4E\x6F\x74\x69\x66\x69\x63\x61\x74\x69\x6F\x6E",{Title="\x45\x78\x65\x63\x75\x74\x6F\x72\x20\x45\x72\x72\x6F\x72",Text="\x59\x6F\x75\x72\x20\x65\x78\x65\x63\x75\x74\x6F\x72\x20\x6D\x61\x79\x20\x6E\x6F\x74\x20\x73\x75\x70\x70\x6F\x72\x74\x20\x74\x68\x69\x73\x2E",Duration=2}) warn("\x4C\x6F\x61\x64\x73\x74\x72\x69\x6E\x67\x20\x66\x61\x69\x6C\x65\x64\x3A\x20"..tostring(a))end end end f.CharacterAdded:Connect(function(_)local _=_:WaitForChild("\x48\x75\x6D\x61\x6E\x6F\x69\x64") _.Died:Connect(function()wait(5) a()end)end) if f.Character then local _=f.Character:FindFirstChild("\x48\x75\x6D\x61\x6E\x6F\x69\x64") if _ then _.Died:Connect(function()wait(5) a()end)end end local _=C.Button({Text="\x55\x73\x65\x20\x67\x75\x6E\x73\x20\x69\x6E\x20\x63\x61\x72",Callback=function()local _=game:GetService("\x50\x6C\x61\x79\x65\x72\x73") local _=_.LocalPlayer local _=_.Character or _.CharacterAdded:Wait() local _=_:FindFirstChild("\x41\x6E\x74\x69\x45\x71\x75\x69\x70") if _ and _:IsA("\x4C\x6F\x63\x61\x6C\x53\x63\x72\x69\x70\x74")then _.Disabled=true else game:GetService("\x53\x74\x61\x72\x74\x65\x72\x47\x75\x69"):SetCore("\x53\x65\x6E\x64\x4E\x6F\x74\x69\x66\x69\x63\x61\x74\x69\x6F\x6E",{Title="\x41\x6E\x74\x69\x45\x71\x75\x69\x70\x20\x4E\x6F\x74\x20\x46\x6F\x75\x6E\x64",Text="\x43\x6F\x75\x6C\x64\x6E\x27\x74\x20\x66\x69\x6E\x64\x20\x74\x68\x65\x20\x41\x6E\x74\x69\x45\x71\x75\x69\x70\x20\x73\x63\x72\x69\x70\x74\x20\x69\x6E\x20\x63\x68\x61\x72\x61\x63\x74\x65\x72\x2E\x20\x47\x6F\x74\x6F\x20\x62\x75\x67\x2D\x72\x65\x70\x6F\x72\x74\x73",Duration=5})end end,Menu={Information=function(_)G.Banner({Text="\x44\x69\x73\x61\x62\x6C\x65\x73\x20\x74\x68\x65\x20\x41\x6E\x74\x69\x45\x71\x75\x69\x70\x20\x73\x63\x72\x69\x70\x74\x20\x73\x6F\x20\x79\x6F\x75\x20\x63\x61\x6E\x20\x75\x73\x65\x20\x67\x75\x6E\x73\x20\x69\x6E\x20\x63\x61\x72\x73\x2E"})end}}) local _=C.Button({Text="\x50\x69\x63\x6B\x20\x55\x70\x20\x4D\x6F\x6E\x65\x79",Callback=function()local a=E() local _=a.CFrame for _,_ in pairs(game.Workspace:GetChildren())do if _.Name=="\x4D\x6F\x6E\x65\x79\x50\x61\x72\x74"and _:IsA("\x50\x61\x72\x74")then a.CFrame=_.CFrame wait(0.15)end end a.CFrame=_ end,Menu={Information=function(_)G.Banner({Text="\x54\x68\x69\x73\x20\x66\x75\x6E\x63\x74\x69\x6F\x6E\x20\x63\x61\x6E\x20\x67\x65\x74\x20\x79\x6F\x75\x20\x62\x61\x6E\x6E\x65\x64\x20\x69\x6E\x20\x75\x70\x2D\x74\x6F\x2D\x64\x61\x74\x65\x20\x73\x65\x72\x76\x65\x72\x73\x3B\x20\x75\x73\x65\x20\x61\x74\x20\x79\x6F\x75\x72\x20\x6F\x77\x6E\x20\x72\x69\x73\x6B\x2E"})end}}) local _=i.Dropdown({Text="\x42\x75\x79\x20\x47\x75\x6E",Callback=function(a)print(a) local _="\x49\x74\x65\x6D" local a=a game:GetService("\x52\x65\x70\x6C\x69\x63\x61\x74\x65\x64\x53\x74\x6F\x72\x61\x67\x65").Container.Shop.BuyHandle:InvokeServer(_,a)end,Options={"\x4D\x61\x72\x6B\x20\x49\x49\x49","\x47\x31\x37","\x52\x45\x4D\x2D\x37\x30\x30","\x4D\x6F\x64\x65\x6C\x20\x32\x39","\x4D\x6F\x73\x73\x6C\x61\x6E\x64\x20\x35\x30\x30","\x47\x6F\x6C\x66\x20\x43\x6C\x75\x62","\x56\x50\x37\x30","\x55\x53\x50\x34\x35","\x4D\x41\x43\x2D\x31\x30","\x4D\x50\x35","\x44\x45\x2E\x35\x30","\x4D\x31\x36\x41\x32","\x53\x6C\x65\x64\x67\x65\x20\x48\x61\x6D\x6D\x65\x72","\x55\x4D\x50\x34\x35","\x41\x4B\x4D","\x4D\x34\x20\x43\x61\x72\x62\x69\x6E\x65","\x47\x33","\x41\x55\x47\x2D\x41\x31","\x52\x50\x4B","\x4D\x31\x34","\x41\x57\x4D","\x50\x50\x2D\x31\x39","\x53\x50\x41\x53\x2D\x31\x32","\x48\x65\x63\x61\x74\x65\x20\x49\x49","\x41\x52\x2D\x31\x38","\x4D\x38\x32","\x53\x61\x69\x67\x61\x2D\x31\x32","\x4D\x37\x39","\x41\x41\x2D\x31\x32","\x43\x68\x69\x6E\x61\x20\x4C\x61\x6B\x65","\x4D\x31\x33\x34","\x4D\x32\x30\x32"},Menu={Information=function(_)G.Banner({Text="\x54\x65\x73\x74\x20\x61\x6C\x65\x72\x74\x21"})end}}) local _=i.Dropdown({Text="\x42\x75\x79\x20\x45\x71\x75\x69\x70\x6D\x65\x6E\x74",Callback=function(_)print(_) local a="\x49\x74\x65\x6D" local _=_ game:GetService("\x52\x65\x70\x6C\x69\x63\x61\x74\x65\x64\x53\x74\x6F\x72\x61\x67\x65").Container.Shop.BuyHandle:InvokeServer(a,_)end,Options={"\x4C\x61\x6E\x74\x65\x72\x6E","\x4D\x65\x64\x70\x61\x63\x6B","\x50\x6F\x6C\x69\x63\x65\x56\x65\x73\x74","\x4D\x69\x6C\x69\x74\x61\x72\x79\x56\x65\x73\x74","\x4E\x56\x47\x73","\x4D\x65\x64\x6B\x69\x74"},Menu={Information=function(_)G.Banner({Text="\x54\x65\x73\x74\x20\x61\x6C\x65\x72\x74\x21"})end}}) local _=C.Dropdown({Text="\x52\x65\x66\x69\x6C\x6C\x20\x41\x6D\x6D\x6F",Callback=function(b)local a=g[b] local c=E() local _=c.CFrame if a and c then c.CFrame=a local a=game.Workspace.AmmoBoxes.AllAmmoTypes:WaitForChild(b).PromptAttachment.ProximityPrompt a.RequiresLineOfSight=false a.HoldDuration=0 if a.Enabled==true then wait(0.5) fireproximityprompt(a)end wait(0.5) c.CFrame=_ end end,Options=table.pack(unpack((function(_)local b={} for a,_ in pairs(_)do table.insert(b,a)end return b end)(g))),Menu={Information=function(_)G.Banner({Text="\x54\x65\x73\x74\x20\x61\x6C\x65\x72\x74\x21"})end}}) local _=G.Button({Text="\x4E\x75\x6B\x65\x20\x28\x4D\x75\x73\x74\x20\x62\x65\x20\x61\x74\x20\x73\x70\x61\x77\x6E\x20\x66\x69\x72\x73\x74\x29",Callback=function()local f=E() local e=f.CFrame local _=game.Workspace:GetAttribute("\x4E\x50\x5F\x52\x65\x61\x63\x74\x6F\x72") local b=game.Workspace:GetAttribute("\x4E\x50\x5F\x53\x77\x69\x74\x63\x68") local a=game.Workspace:GetAttribute("\x4E\x50\x5F\x56\x61\x6C\x76\x65") if a==false then f.CFrame=CFrame.new(-5267.04395,282.582336,836.235657,0.131601527,2.26039054e-09,0.991302669,2.24875008e-09,1,-2.57875765e-09,-0.991302669,2.56856048e-09,0.131601527) wait(0.5) f.CFrame=CFrame.new(-5267.04395,282.582336,836.235657,0.131601527,2.26039054e-09,0.991302669,2.24875008e-09,1,-2.57875765e-09,-0.991302669,2.56856048e-09,0.131601527) local _=game.Workspace.NuclearPowerPlant.Valve.ProximityPrompt _.RequiresLineOfSight=false fireproximityprompt(_) wait(5)end if _==false then f.CFrame=CFrame.new(-5039.42822,268.582214,1042.66943,0.972240627,6.89471875e-08,-0.233983219,-7.84214009e-08,1,-3.11872235e-08,0.233983219,4.86707776e-08,0.972240627) f.CFrame=CFrame.new(-5039.42822,268.582214,1042.66943,0.972240627,6.89471875e-08,-0.233983219,-7.84214009e-08,1,-3.11872235e-08,0.233983219,4.86707776e-08,0.972240627) f.CFrame=CFrame.new(-5039.42822,268.582214,1042.66943,0.972240627,6.89471875e-08,-0.233983219,-7.84214009e-08,1,-3.11872235e-08,0.233983219,4.86707776e-08,0.972240627) local _=game.Workspace.NuclearPowerPlant.ControlPanelMain.Button.ProximityPrompt _.RequiresLineOfSight=false fireproximityprompt(_) wait(1)end if b==false then f.CFrame=CFrame.new(-5458.39844,269.581665,998.653015,-0.970813453,-3.3730835e-08,-0.239835799,-4.2256719e-08,1,3.04064578e-08,0.239835799,3.96536741e-08,-0.970813453) local _=game.Workspace.NuclearPowerPlant.Switch.ProximityPrompt _.RequiresLineOfSight=false fireproximityprompt(_) wait(2)end f.CFrame=e for _,_ in pairs(d)do f.CFrame=_ wait(5) t=game.Workspace.CodePlacements wait(4) if t.CodePlacement then if t.CodePlacement:FindFirstChild("\x50\x72\x6F\x78\x69\x6D\x69\x74\x79\x50\x72\x6F\x6D\x70\x74")then t.CodePlacement.ProximityPrompt.RequiresLineOfSight=false fireproximityprompt(t.CodePlacement.ProximityPrompt) break end end end for _,_ in pairs(c)do f.CFrame=_ wait(5) r=game.Workspace.KeyPlacements wait(4) if r.KeyPlacement then if r.KeyPlacement:FindFirstChild("\x50\x72\x6F\x78\x69\x6D\x69\x74\x79\x50\x72\x6F\x6D\x70\x74")then r.KeyPlacement.ProximityPrompt.RequiresLineOfSight=false fireproximityprompt(r.KeyPlacement.ProximityPrompt) break end end end f.CFrame=e f.CFrame=CFrame.new(-8512.50098,210.073883,-3759.9646,0.725873113,3.76597337e-10,0.6878286,-5.56528192e-08,1,5.81835167e-08,-0.6878286,-8.05134519e-08,0.725873113) game.Workspace[game.Players.LocalPlayer.Name].Torso.Anchored=true wait(5) game.Workspace[game.Players.LocalPlayer.Name].Torso.Anchored=false end,Menu={Information=function(_)G.Banner({Text="\x69\x64\x6B\x20\x77\x68\x61\x74\x20\x74\x6F\x20\x70\x75\x74\x20\x68\x65\x72\x65"})end}}) local _=G.Toggle({Text="\x54\x50\x20\x57\x61\x69\x66\x75\x73",Callback=function(_)_G.Activated=_ local function _()while _G.Activated do local a=E() if a then for _,b in pairs(workspace:WaitForChild("\x4F\x74\x68\x65\x72\x57\x61\x69\x66\x75\x73"):GetChildren())do if b:IsA("\x4D\x6F\x64\x65\x6C")and b.PrimaryPart then local _=b:FindFirstChild("\x5A\x6F\x6D\x62\x69\x65") print("\x66\x66\x66") if _ and _.Health>0 then print("\x61\x61\x61") local _=a.CFrame.Position+(a.CFrame.LookVector*l) b:SetPrimaryPartCFrame(CFrame.new(_))end end end end o.RenderStepped:Wait()end end if _G.Activated then task.spawn(_)end end}) local _=G.Slider({Text="\x57\x61\x69\x66\x75\x20\x44\x69\x73\x74\x61\x6E\x63\x65",Callback=function(_)l=_ print("\x57\x61\x69\x66\x75\x20\x74\x65\x6C\x65\x70\x6F\x72\x74\x20\x64\x69\x73\x74\x61\x6E\x63\x65\x20\x73\x65\x74\x20\x74\x6F\x3A",_)end,Min=0,Max=100,Def=15}) local _=G.Toggle({Text="\x54\x50\x20\x42\x6F\x73\x73",Callback=function(_)_G.ActivatedB=_ local a=E() local function _()while _G.ActivatedB do for _,b in pairs(workspace:WaitForChild("\x57\x61\x69\x66\x75\x73"):GetChildren())do if b:IsA("\x4D\x6F\x64\x65\x6C")and b.PrimaryPart then local _=a.CFrame.Position+(a.CFrame.LookVector*h) b:SetPrimaryPartCFrame(CFrame.new(_))end end o.RenderStepped:Wait()end end if _G.ActivatedB then task.spawn(_)end end}) local _=G.Slider({Text="\x42\x6F\x73\x73\x20\x44\x69\x73\x74\x61\x6E\x63\x65",Callback=function(_)h=_ print("\x42\x6F\x73\x73\x20\x74\x65\x6C\x65\x70\x6F\x72\x74\x20\x64\x69\x73\x74\x61\x6E\x63\x65\x20\x73\x65\x74\x20\x74\x6F\x3A",_)end,Min=0,Max=100,Def=15}) local c=15 _G.UseRaycastCheck=true local _=y.Button({Text="\x54\x50\x20\x4E\x65\x61\x72\x20\x42\x6F\x73\x73\x20\x28\x53\x6D\x61\x72\x74\x29",Callback=function()local d=E() if not d then return end local b=RaycastParams.new() b.FilterDescendantsInstances={d.Parent,workspace:WaitForChild("\x57\x61\x69\x66\x75\x73")} b.FilterType=Enum.RaycastFilterType.Exclude b.IgnoreWater=true local function a(_)if not _G.UseRaycastCheck then return true end local a=_+Vector3.new(0,5,0) local _=Vector3.new(0,-6,0) local _=workspace:Raycast(a,_,b) return _==nil end for _,_ in pairs(workspace:WaitForChild("\x57\x61\x69\x66\x75\x73"):GetChildren())do if _:IsA("\x4D\x6F\x64\x65\x6C")and _.PrimaryPart then local b=_.PrimaryPart.Position+Vector3.new(0,2,0) for _=0,360,30 do local _=math.rad(_) local _=Vector3.new(math.cos(_)*c,0,math.sin(_)*c) local _=b+_ if a(_)then d.CFrame=CFrame.new(_) return end end game.StarterGui:SetCore("\x43\x68\x61\x74\x4D\x61\x6B\x65\x53\x79\x73\x74\x65\x6D\x4D\x65\x73\x73\x61\x67\x65",{Text="\x4E\x6F\x20\x73\x61\x66\x65\x20\x74\x65\x6C\x65\x70\x6F\x72\x74\x20\x6C\x6F\x63\x61\x74\x69\x6F\x6E\x20\x66\x6F\x75\x6E\x64\x20\x61\x72\x6F\x75\x6E\x64\x20\x62\x6F\x73\x73\x2E",Color=Color3.fromRGB(255,100,100),Font=Enum.Font.SourceSansBold,FontSize=Enum.FontSize.Size24}) break end end end,Menu={Information=function(_)G.Banner({Text="\x54\x65\x6C\x65\x70\x6F\x72\x74\x73\x20\x79\x6F\x75\x20\x6E\x65\x61\x72\x20\x74\x68\x65\x20\x62\x6F\x73\x73\x2C\x20\x61\x76\x6F\x69\x64\x69\x6E\x67\x20\x77\x61\x6C\x6C\x20\x63\x6C\x69\x70\x70\x69\x6E\x67\x2E\x20\x43\x68\x65\x63\x6B\x73\x20\x74\x68\x65\x20\x73\x70\x61\x63\x65\x20\x69\x74\x73\x65\x6C\x66\x2C\x20\x6E\x6F\x74\x20\x74\x68\x65\x20\x70\x61\x74\x68\x2E"})end}}) local e local _=y.Button({Text="\x43\x6C\x69\x63\x6B\x20\x54\x50\x20\x28\x43\x74\x72\x6C\x29",Callback=function()if _G.CtrlClickTP_Enabled==nil then _G.CtrlClickTP_Enabled=false end if _G.CtrlClickTP_Enabled==true then _G.CtrlClickTP_Enabled=false if e then e:Disconnect() e=nil end else _G.CtrlClickTP_Enabled=true local b=game:GetService("\x55\x73\x65\x72\x49\x6E\x70\x75\x74\x53\x65\x72\x76\x69\x63\x65") local _=game:GetService("\x50\x6C\x61\x79\x65\x72\x73") local c=_.LocalPlayer local d=c:GetMouse() local function a(_)local a=c.Character if a and a:FindFirstChild("\x48\x75\x6D\x61\x6E\x6F\x69\x64\x52\x6F\x6F\x74\x50\x61\x72\x74")then a.HumanoidRootPart.CFrame=CFrame.new(_)end end e=b.InputBegan:Connect(function(_)if _G.CtrlClickTP_Enabled and _.UserInputType==Enum.UserInputType.MouseButton1 and b:IsKeyDown(Enum.KeyCode.LeftControl)then if d and d.Hit then a(d.Hit.p)end end end)end end,Menu={Information=function(_)G.Banner({Text="\x54\x6F\x67\x67\x6C\x65\x73\x20\x43\x54\x52\x4C\x20\x2B\x20\x43\x6C\x69\x63\x6B\x20\x74\x65\x6C\x65\x70\x6F\x72\x74\x2E"})end}}) local a=game:GetService("\x57\x6F\x72\x6B\x73\x70\x61\x63\x65") local c=game:GetService("\x43\x6F\x72\x65\x47\x75\x69") local b=game:GetService("\x48\x74\x74\x70\x53\x65\x72\x76\x69\x63\x65") local function d(d,a)if not d or not d:IsA("\x4D\x6F\x64\x65\x6C")then return end local _=d:FindFirstChild("\x48\x75\x6D\x61\x6E\x6F\x69\x64\x52\x6F\x6F\x74\x50\x61\x72\x74") if not _ then warn("\x5B\x45\x53\x50\x5D\x20\x53\x6B\x69\x70\x70\x69\x6E\x67\x20\x63\x68\x61\x72\x61\x63\x74\x65\x72\x20\x28\x6E\x6F\x20\x48\x75\x6D\x61\x6E\x6F\x69\x64\x52\x6F\x6F\x74\x50\x61\x72\x74\x29\x3A",d.Name) return end local _=d:FindFirstChild("\x45\x53\x50\x5F\x55\x6E\x69\x71\x75\x65\x49\x44") if not _ then _=Instance.new("\x53\x74\x72\x69\x6E\x67\x56\x61\x6C\x75\x65") _.Name="\x45\x53\x50\x5F\x55\x6E\x69\x71\x75\x65\x49\x44" _.Value=b:GenerateGUID(false) _.Parent=d end local _=_.Value local b="\x45\x53\x50\x5F\x48\x69\x67\x68\x6C\x69\x67\x68\x74\x5F".._ local _="\x45\x53\x50\x5F\x4E\x61\x6D\x65\x54\x61\x67\x5F".._ local e=c:FindFirstChild(b) if not e or not e:IsA("\x48\x69\x67\x68\x6C\x69\x67\x68\x74")or e.Adornee~=d then if e then e:Destroy()end e=Instance.new("\x48\x69\x67\x68\x6C\x69\x67\x68\x74") e.Name=b e.FillColor=Color3.fromRGB(A[1],A[2],A[3]) e.OutlineColor=Color3.fromRGB(z[1],z[2],z[3]) e.FillTransparency=m e.OutlineTransparency=p e.DepthMode=Enum.HighlightDepthMode.AlwaysOnTop e.Adornee=d e.Parent=c end if a and d:FindFirstChild("\x48\x65\x61\x64")then local a=c:FindFirstChild(_) if not a or not a:IsA("\x42\x69\x6C\x6C\x62\x6F\x61\x72\x64\x47\x75\x69")or a.Adornee~=d.Head then if a then a:Destroy()end local a=Instance.new("\x42\x69\x6C\x6C\x62\x6F\x61\x72\x64\x47\x75\x69") a.Name=_ a.Size=UDim2.new(0,100,0,40) a.Adornee=d.Head a.StudsOffset=Vector3.new(0,2.5,0) a.AlwaysOnTop=true a.Parent=c local _=Instance.new("\x54\x65\x78\x74\x4C\x61\x62\x65\x6C") _.Size=UDim2.new(1,0,1,0) _.BackgroundTransparency=1 _.Text=d.Name _.TextColor3=Color3.fromRGB(u[1],u[2],u[3]) _.TextTransparency=0.3 _.TextScaled=true _.Font=Enum.Font.SourceSansBold _.Parent=a end end end local function b()for _,_ in pairs(c:GetChildren())do if _:IsA("\x48\x69\x67\x68\x6C\x69\x67\x68\x74")and _.Name:lower():find("\x65\x73\x70\x5F\x68\x69\x67\x68\x6C\x69\x67\x68\x74")then _:Destroy()elseif _:IsA("\x42\x69\x6C\x6C\x62\x6F\x61\x72\x64\x47\x75\x69")and _.Name:lower():find("\x65\x73\x70\x5F\x6E\x61\x6D\x65\x74\x61\x67")then _:Destroy()end end end local function e()for _,_ in pairs(c:GetChildren())do if _:IsA("\x48\x69\x67\x68\x6C\x69\x67\x68\x74")and _.Name:find("\x45\x53\x50\x5F\x48\x69\x67\x68\x6C\x69\x67\x68\x74\x5F")then _.FillColor=Color3.fromRGB(A[1],A[2],A[3]) _.OutlineColor=Color3.fromRGB(z[1],z[2],z[3]) _.FillTransparency=m _.OutlineTransparency=p end end end local _=w.Toggle({Text="\x45\x53\x50\x20\x50\x6C\x61\x79\x65\x72\x73",Callback=function(_)_G.ESPP=_ if _G.ESPP then for _,_ in pairs(D:GetPlayers())do if _~=D.LocalPlayer and _.Character then d(_.Character,true)end _.CharacterAdded:Connect(function(_)_:WaitForChild("\x48\x75\x6D\x61\x6E\x6F\x69\x64\x52\x6F\x6F\x74\x50\x61\x72\x74",3) _:WaitForChild("\x48\x65\x61\x64",3) if _G.ESPP then d(_,true)end end) _.CharacterRemoving:Connect(function(_)removeESPFromCharacter(_)end)end D.PlayerAdded:Connect(function(_)_.CharacterAdded:Connect(function(_)_:WaitForChild("\x48\x75\x6D\x61\x6E\x6F\x69\x64\x52\x6F\x6F\x74\x50\x61\x72\x74",3) _:WaitForChild("\x48\x65\x61\x64",3) if _G.ESPP then d(_,true)end end)end) e()else for _,_ in pairs(D:GetPlayers())do if _~=D.LocalPlayer and _.Character then b(_.Character)end end end end}) local _ local _=w.Toggle({Text="\x45\x53\x50\x20\x57\x61\x69\x66\x75\x73",Callback=function(_)_G.ESP=_ local _=a:WaitForChild("\x4F\x74\x68\x65\x72\x57\x61\x69\x66\x75\x73") local function a(_)if _:IsA("\x4D\x6F\x64\x65\x6C")then d(_,false)else print("\x5B\x45\x53\x50\x5D\x20\x53\x6B\x69\x70\x70\x65\x64\x3A",_:GetFullName(),"\x28\x4D\x69\x73\x73\x69\x6E\x67\x20\x48\x75\x6D\x61\x6E\x6F\x69\x64\x52\x6F\x6F\x74\x50\x61\x72\x74\x3F\x29")end end if _G.ESP then for _,_ in pairs(_:GetChildren())do a(_)end _.ChildAdded:Connect(function(_)if _G.ESP then a(_)end end) e()else for _,_ in pairs(_:GetChildren())do b(_)end end end}) local _=w.Toggle({Text="\x45\x53\x50\x20\x42\x6F\x73\x73",Callback=function(_)_G.ESP=_ local _=a:WaitForChild("\x57\x61\x69\x66\x75\x73") if _G.ESP then for _,_ in pairs(_:GetChildren())do if _:IsA("\x4D\x6F\x64\x65\x6C")and _.PrimaryPart then d(_,false)end end _.ChildAdded:Connect(function(_)if _G.ESP and _:IsA("\x4D\x6F\x64\x65\x6C")and _.PrimaryPart then d(_,false)end end) e()else for _,_ in pairs(_:GetChildren())do b(_)end end end}) local _=w.Slider({Text="\x4F\x75\x74\