if _G.Theme then else _G.Theme="\x42\x4F"end _G.Activated=true _G.ActivatedB=true _G.ESP=true _G.ESPP=false local j=15 local i=15 _G.Admin=false local o=0.7 local n=0.6 local y={255,255,255} local x={255,0,0} local t={255,0,0} if setclipboard then game:GetService("\x53\x74\x61\x72\x74\x65\x72\x47\x75\x69"):SetCore("\x53\x65\x6E\x64\x4E\x6F\x74\x69\x66\x69\x63\x61\x74\x69\x6F\x6E",{Title="\x44\x69\x73\x63\x6F\x72\x64",Text="\x43\x6F\x70\x69\x65\x64\x20\x64\x69\x73\x63\x6F\x72\x64\x20\x74\x6F\x20\x79\x6F\x75\x72\x20\x63\x6C\x69\x70\x62\x6F\x61\x72\x64",Duration=10}) setclipboard("\x68\x74\x74\x70\x73\x3A\x2F\x2F\x64\x69\x73\x63\x6F\x72\x64\x2E\x67\x67\x2F\x45\x71\x74\x61\x58\x42\x57\x5A\x4A\x74")else game:GetService("\x53\x74\x61\x72\x74\x65\x72\x47\x75\x69"):SetCore("\x53\x65\x6E\x64\x4E\x6F\x74\x69\x66\x69\x63\x61\x74\x69\x6F\x6E",{Title="\x44\x69\x73\x63\x6F\x72\x64",Text="\x4A\x6F\x69\x6E\x20\x64\x69\x73\x63\x6F\x72\x64\x20\x68\x65\x72\x65\x3A\x20\x68\x74\x74\x70\x73\x3A\x2F\x2F\x64\x69\x73\x63\x6F\x72\x64\x2E\x67\x67\x2F\x45\x71\x74\x61\x58\x42\x57\x5A\x4A\x74",Duration=10})end local r={Spawn=CFrame.new(5985.77002,16.5,1157.95483,1,0,0,0,1,0,0,0,1),Town=CFrame.new(2378.49854,245.499985,-2276.47485,0.99746418,5.01030399e-08,-0.0711705014,-5.50377415e-08,1,-6.73752822e-08,0.0711705014,7.11214909e-08,0.99746418),Church=CFrame.new(2801.84351,115.682617,-3469.56055,0.99931109,8.14176904e-09,-0.0371120796,-1.13225544e-08,1,-8.54973692e-08,0.0371120796,8.58586731e-08,0.99931109),Garage=CFrame.new(4710.49072,214.540298,-3483.05933,0.867838502,-2.02377635e-08,-0.496846348,6.66159252e-08,1,7.5625195e-08,0.496846348,-9.87283357e-08,0.867838502),Farm=CFrame.new(-2833.50391,212.142212,-4971.48193,0.97930181,0,-0.202405423,0,1,0,0.202405423,0,0.97930181),["\x47\x65\x6E\x65\x72\x61\x6C\x20\x53\x74\x6F\x72\x65"]=CFrame.new(-1529.771,549.602905,-907.557983,0.97901988,-7.23542612e-08,-0.203764901,8.0416136e-08,1,3.12847455e-08,0.203764901,-4.70143711e-08,0.97901988),["\x4D\x69\x6C\x69\x74\x61\x72\x79\x20\x43\x68\x65\x63\x6B\x70\x6F\x69\x6E\x74"]=CFrame.new(2106.73145,562.060791,1021.73889,0.969546199,0,-0.244908482,0,1,0,0.244908482,0,0.969546199),Campgrounds=CFrame.new(-3689.59961,426.016876,4537.37109,0.97759968,0,-0.210472926,0,1,0,0.210472926,0,0.97759968),Silo=CFrame.new(-8766.87207,256.074707,-3856.17554,-0.750356257,2.23111152e-09,-0.66103363,-5.3415633e-10,1,3.98152045e-09,0.66103363,3.3406542e-09,-0.750356257),["\x4D\x69\x6C\x69\x74\x61\x72\x79\x20\x42\x61\x73\x65"]=CFrame.new(-6432.83789,231.150604,-4420.80029,-0.998829722,2.33169573e-08,0.0483656563,2.06505231e-08,1,-5.56304123e-08,-0.0483656563,-5.45665308e-08,-0.998829722),["\x52\x61\x64\x69\x6F\x20\x53\x74\x61\x74\x69\x6F\x6E"]=CFrame.new(1679.37842,728.692566,-495.032257,0.99089843,5.89220805e-09,0.134611577,-2.65157585e-09,1,-2.42532323e-08,-0.134611577,2.36755575e-08,0.99089843),["\x50\x72\x69\x73\x6F\x6E"]=CFrame.new(-6919.54688,267.577789,1862.03271,0.998724997,-1.51144022e-08,-0.05048142,1.4701925e-08,1,-8.54218563e-09,0.05048142,7.78912046e-09,0.998724997),["\x4D\x61\x6E\x6F\x72"]=CFrame.new(559.629883,212.651062,-4104.84326,0.104891405,-1.32087674e-08,-0.994483709,-6.64761846e-09,1,-1.39831817e-08,0.994483709,8.07766387e-09,0.104891405),["\x4D\x61\x6C\x6C"]=CFrame.new(-1366.78369,364.336121,2245.50269,-0.972832859,-1.46569423e-08,-0.231508553,7.09062586e-10,1,-6.62901698e-08,0.231508553,-6.46534133e-08,-0.972832859),["\x50\x6F\x77\x65\x72\x20\x50\x6C\x61\x6E\x74"]=CFrame.new(-5270.31885,268.081818,1396.16602,0.996412218,4.68823469e-09,-0.0846325681,-1.11215535e-08,1,-7.55432268e-08,0.0846325681,7.62134391e-08,0.996412218),["\x43\x61\x72\x61\x76\x61\x6E\x20\x53\x69\x74\x65"]=CFrame.new(-3778.30151,212.339462,-2915.26978,0.999965549,-1.77197634e-08,-0.00830358826,1.71038455e-08,1,-7.42458397e-08,0.00830358826,7.41012585e-08,0.999965549),["\x57\x61\x74\x65\x72\x20\x50\x6C\x61\x6E\x74"]=CFrame.new(-1994.75818,220.943222,-3734.5271,-0.083926633,-1.5615635e-08,0.996471941,-1.43756396e-09,1,1.55498459e-08,-0.996471941,-1.27446012e-10,-0.083926633),["\x48\x65\x6C\x69\x20\x53\x70\x61\x77\x6E"]=CFrame.new(-6933.37256,223.151031,-4616.26074,-0.216365844,-5.27620898e-08,-0.976312339,-1.42168544e-09,1,-5.37271561e-08,0.976312339,-1.02367128e-08,-0.216365844),["\x53\x69\x6C\x6F\x20\x4C\x61\x75\x6E\x63\x68\x20\x43\x6F\x6E\x74\x72\x6F\x6C"]=CFrame.new(-8513.5459,210.073868,-3758.29517,0.668540776,-9.63736202e-09,0.74367547,3.26636105e-08,1,-1.640446e-08,-0.74367547,3.52581786e-08,0.668540776),["\x43\x61\x73\x69\x6E\x6F"]=CFrame.new(4483.61719,703.278809,-1195.98706,0.707134247,-0,-0.707079291,0,1,-0,0.707079291,0,0.707134247),["\x47\x61\x73\x20\x53\x74\x61\x74\x69\x6F\x6E"]=CFrame.new(-7255.44482,210.628738,-2335.68066,0.422592998,-0,-0.906319618,0,1,-0,0.906319618,0,0.422592998),["\x54\x65\x73\x74"]=CFrame.new(),["\x52\x61\x63\x65\x20\x54\x72\x61\x63\x6B"]=CFrame.new(-6092.41602,212.13443,-2659.64453,0.83919847,7.00070579e-09,-0.543825269,-2.43918308e-08,1,-2.47669281e-08,0.543825269,3.40492612e-08,0.83919847),["\x54\x72\x61\x69\x6E"]=CFrame.new(-6464.63672,268.126129,2221.33984,-0.648024201,-9.67731779e-08,0.761619747,-4.53713618e-08,1,8.84581013e-08,-0.761619747,2.27672636e-08,-0.648024201)} local g={["\x45\x78\x70\x6C\x6F\x73\x69\x76\x65\x41\x6D\x6D\x6F"]=CFrame.new(-202,1.25,-62,-1,0,0,0,1,0,0,0,-1),["\x52\x69\x66\x6C\x65\x41\x6D\x6D\x6F"]=CFrame.new(-198.25,0.31249997,-61.625,0,0,-1,0,1,0,1,0,0),["\x48\x65\x61\x76\x79\x41\x6D\x6D\x6F"]=CFrame.new(-191.3125,0.25,-61.625,-1,0,-0,0,0,-1,0,-1,-0),["\x50\x69\x73\x74\x6F\x6C\x41\x6D\x6D\x6F"]=CFrame.new(-195.75,0.31249997,-61.6875,-1,0,0,0,1,0,0,0,-1),["\x53\x68\x6F\x74\x67\x75\x6E\x41\x6D\x6D\x6F"]=CFrame.new(-193.4375,0.4375,-61.5,-1,0,0,0,1,0,0,0,-1)} local c={["\x4D\x61\x6E\x6F\x72"]=CFrame.new(768.4729,211.040253,-4137.85693,0.843409598,-0,-0.537271202,0,1,-0,0.537271202,0,0.843409598),["\x43\x61\x72\x61\x76\x65\x6E"]=CFrame.new(-3673.74512,210.89003,-2582.1543,0.984797478,-0,-0.173706517,0,1,-0,0.173706517,0,0.984797478),["\x53\x69\x6C\x6F"]=CFrame.new(-8663.89453,255.040314,-3772.5166,0.843409598,-0,-0.537271202,0,1,-0,0.537271202,0,0.843409598),["\x52\x61\x64\x69\x6F\x20\x53\x74\x61\x74\x69\x6F\x6E"]=CFrame.new(1720.13586,729.696899,-641.161865,1,0,0,0,1,0,0,0,1),["\x4D\x69\x6C\x69\x74\x61\x72\x79\x20\x42\x61\x73\x65"]=CFrame.new(-6912.75977,211.040314,-4403.5625,0.843409598,-0,-0.537271202,0,1,-0,0.537271202,0,0.843409598),["\x47\x61\x73\x20\x53\x74\x61\x74\x69\x6F\x6E"]=CFrame.new(-7255.44482,210.628738,-2335.68066,0.422592998,-0,-0.906319618,0,1,-0,0.906319618,0,0.422592998)} local b={["\x47\x61\x72\x61\x67\x65"]=CFrame.new(4807.64307,215.040268,-3426.12183,0.843409598,-0,-0.537271202,0,1,-0,0.537271202,0,0.843409598),["\x50\x72\x69\x73\x6F\x6E"]=CFrame.new(-6463.7334,265.457916,2219.69873,0.998134851,0.0255210157,0.0554575659,-0.0303345527,0.995679259,0.0877649039,-0.0529780947,-0.0892834812,0.994596303),["\x4D\x69\x6C\x69\x74\x61\x72\x79\x20\x42\x61\x73\x65"]=CFrame.new(-6801.28906,214.040268,-4515.23486,0.843409598,-0,-0.537271202,0,1,-0,0.537271202,0,0.843409598),["\x53\x65\x6C\x66\x20\x53\x74\x6F\x72\x61\x67\x65"]=CFrame.new(3936.59814,215.040268,-4627.25098,0.843409598,-0,-0.537271202,0,1,-0,0.537271202,0,0.843409598),["\x43\x61\x73\x69\x6E\x6F"]=CFrame.new(4483.61719,703.278809,-1195.98706,0.707134247,-0,-0.707079291,0,1,-0,0.707079291,0,0.707134247)} local h={["\x43\x68\x75\x72\x63\x68"]=CFrame.new(2685.63647,115.432625,-3469.47681,-0.0907619521,-9.68777769e-08,0.995872617,-7.54948317e-08,1,9.0398828e-08,-0.995872617,-6.69784583e-08,-0.0907619521),["\x57\x61\x74\x65\x72\x20\x50\x6C\x61\x6E\x74"]=CFrame.new(-2052.03052,220.943054,-3657.4082,-0.58373338,6.26709262e-09,0.811945379,3.44579676e-09,1,-5.24132027e-09,-0.811945379,-2.61734856e-10,-0.58373338),["\x52\x61\x63\x65\x20\x54\x72\x61\x63\x6B"]=CFrame.new(-6092.41602,212.13443,-2659.64453,0.83919847,7.00070579e-09,-0.543825269,-2.43918308e-08,1,-2.47669281e-08,0.543825269,3.40492612e-08,0.83919847)} local a={["\x43\x61\x73\x69\x6E\x6F"]=CFrame.new(4483.61621,705.778687,-1195.98547,0.7071383,-6.84143586e-08,-0.707075238,1.70358589e-08,1,-7.97194488e-08,0.707075238,4.43270451e-08,0.7071383),["\x54\x72\x61\x69\x6E"]=CFrame.new(-6464.63672,268.126129,2221.33984,-0.648024201,-9.67731779e-08,0.761619747,-4.53713618e-08,1,8.84581013e-08,-0.761619747,2.27672636e-08,-0.648024201),["\x4D\x69\x6C\x69\x74\x61\x72\x79\x20\x42\x61\x73\x65"]=CFrame.new(-6915.04932,213.15097,-4378.15869,0.630933702,-1.74266876e-08,0.775836766,5.6669105e-09,1,1.78532957e-08,-0.775836766,-6.86764867e-09,0.630933702)} local _=CFrame.new(-6933.37256,223.151031,-4616.26074,-0.216365844,-5.27620898e-08,-0.976312339,-1.42168544e-09,1,-5.37271561e-08,0.976312339,-1.02367128e-08,-0.216365844) local z=game.Workspace["\x2E\x2E\x2E"].Map.LootItems local A=game:GetService("\x50\x6C\x61\x79\x65\x72\x73") local C=A.LocalPlayer local d=loadstring(game:HttpGet("\x68\x74\x74\x70\x73\x3A\x2F\x2F\x72\x61\x77\x2E\x67\x69\x74\x68\x75\x62\x75\x73\x65\x72\x63\x6F\x6E\x74\x65\x6E\x74\x2E\x63\x6F\x6D\x2F\x4B\x69\x6E\x6C\x65\x69\x2F\x4D\x61\x74\x65\x72\x69\x61\x6C\x4C\x75\x61\x2F\x6D\x61\x73\x74\x65\x72\x2F\x4D\x6F\x64\x75\x6C\x65\x2E\x6C\x75\x61"))() local l=game:GetService("\x52\x75\x6E\x53\x65\x72\x76\x69\x63\x65") local _=A.LocalPlayer:GetMouse() local _=game:GetService("\x55\x73\x65\x72\x49\x6E\x70\x75\x74\x53\x65\x72\x76\x69\x63\x65") local _=A.LocalPlayer if _G.Theme=="\x42\x4F"then e={MainFrame=Color3.fromRGB(15,15,15),Button=Color3.fromRGB(25,25,25),ButtonAccent=Color3.fromRGB(255,115,0),TitleBarAccent=Color3.fromRGB(255,115,0),Slider=Color3.fromRGB(25,25,25),SliderAccent=Color3.fromRGB(255,115,0),Toggle=Color3.fromRGB(255,115,0),TitleBar=Color3.fromRGB(25,25,25),ToggleAccent=Color3.fromRGB(255,115,0),Dropdown=Color3.fromRGB(25,25,25),DropdownAccent=Color3.fromRGB(255,115,0),ColorPicker=Color3.fromRGB(25,25,25),ColorPickerAccent=Color3.fromRGB(255,115,0),NavBar=Color3.fromRGB(25,25,25),NavBarInvert=Color3.fromRGB(25,25,25),NavBarAccent=Color3.fromRGB(255,115,0),Content=Color3.fromRGB(25,25,25),Banner=Color3.fromRGB(15,15,15),BannerAccent=Color3.fromRGB(15,15,15)}elseif _G.Theme=="\x42\x42"then e={MainFrame=Color3.fromRGB(15,15,15),Button=Color3.fromRGB(25,25,25),ButtonAccent=Color3.fromRGB(76,64,255),TitleBarAccent=Color3.fromRGB(76,64,255),Slider=Color3.fromRGB(25,25,25),SliderAccent=Color3.fromRGB(76,64,255),Toggle=Color3.fromRGB(76,64,255),TitleBar=Color3.fromRGB(25,25,25),ToggleAccent=Color3.fromRGB(76,64,255),Dropdown=Color3.fromRGB(25,25,25),DropdownAccent=Color3.fromRGB(76,64,255),ColorPicker=Color3.fromRGB(25,25,25),ColorPickerAccent=Color3.fromRGB(76,64,255),NavBar=Color3.fromRGB(25,25,25),NavBarInvert=Color3.fromRGB(25,25,25),NavBarAccent=Color3.fromRGB(76,64,255),Content=Color3.fromRGB(25,25,25),Banner=Color3.fromRGB(15,15,15),BannerAccent=Color3.fromRGB(15,15,15)}elseif _G.Theme=="\x42\x47"then e={MainFrame=Color3.fromRGB(15,15,15),Button=Color3.fromRGB(25,25,25),ButtonAccent=Color3.fromRGB(221,170,85),TitleBarAccent=Color3.fromRGB(221,170,85),Slider=Color3.fromRGB(25,25,25),SliderAccent=Color3.fromRGB(221,170,85),Toggle=Color3.fromRGB(221,170,85),TitleBar=Color3.fromRGB(25,25,25),ToggleAccent=Color3.fromRGB(221,170,85),Dropdown=Color3.fromRGB(25,25,25),DropdownAccent=Color3.fromRGB(221,170,85),ColorPicker=Color3.fromRGB(25,25,25),ColorPickerAccent=Color3.fromRGB(221,170,85),NavBar=Color3.fromRGB(25,25,25),NavBarInvert=Color3.fromRGB(25,25,25),NavBarAccent=Color3.fromRGB(221,170,85),Content=Color3.fromRGB(25,25,25),Banner=Color3.fromRGB(15,15,15),BannerAccent=Color3.fromRGB(15,15,15)}elseif _G.Theme=="\x42\x50"then e={MainFrame=Color3.fromRGB(15,15,15),Button=Color3.fromRGB(25,25,25),ButtonAccent=Color3.fromRGB(195,66,255),TitleBarAccent=Color3.fromRGB(195,66,255),Slider=Color3.fromRGB(25,25,25),SliderAccent=Color3.fromRGB(195,66,255),Toggle=Color3.fromRGB(195,66,255),TitleBar=Color3.fromRGB(25,25,25),ToggleAccent=Color3.fromRGB(195,66,255),Dropdown=Color3.fromRGB(25,25,25),DropdownAccent=Color3.fromRGB(195,66,255),ColorPicker=Color3.fromRGB(25,25,25),ColorPickerAccent=Color3.fromRGB(195,66,255),NavBar=Color3.fromRGB(25,25,25),NavBarInvert=Color3.fromRGB(25,25,25),NavBarAccent=Color3.fromRGB(195,66,255),Content=Color3.fromRGB(25,25,25),Banner=Color3.fromRGB(15,15,15),BannerAccent=Color3.fromRGB(15,15,15)}elseif _G.Theme==nil or _G.Theme==""then e={MainFrame=Color3.fromRGB(15,15,15),Button=Color3.fromRGB(25,25,25),ButtonAccent=Color3.fromRGB(255,115,0),TitleBarAccent=Color3.fromRGB(255,115,0),Slider=Color3.fromRGB(25,25,25),SliderAccent=Color3.fromRGB(255,115,0),Toggle=Color3.fromRGB(255,115,0),TitleBar=Color3.fromRGB(25,25,25),ToggleAccent=Color3.fromRGB(255,115,0),Dropdown=Color3.fromRGB(25,25,25),DropdownAccent=Color3.fromRGB(255,115,0),ColorPicker=Color3.fromRGB(25,25,25),ColorPickerAccent=Color3.fromRGB(255,115,0),NavBar=Color3.fromRGB(25,25,25),NavBarInvert=Color3.fromRGB(25,25,25),NavBarAccent=Color3.fromRGB(255,115,0),Content=Color3.fromRGB(25,25,25),Banner=Color3.fromRGB(15,15,15),BannerAccent=Color3.fromRGB(15,15,15)}end local _=d.Load({Title="\x58\x65\x6E\x69\x78\x20\x48\x75\x62",Style=1,SizeX=500,SizeY=350,Theme="\x44\x61\x72\x6B",ColorOverrides=e}) local u=_.New({Title="\x4D\x61\x69\x6E"}) local D=_.New({Title="\x46\x61\x72\x6D"}) local k=_.New({Title="\x42\x75\x79"}) local v=_.New({Title="\x45\x53\x50"}) local w=_.New({Title="\x54\x50"}) local function B()local _=C.Character or C.CharacterAdded:Wait() return _:FindFirstChild("\x48\x75\x6D\x61\x6E\x6F\x69\x64\x52\x6F\x6F\x74\x50\x61\x72\x74")end local function f()for _,_ in ipairs(z:GetChildren())do local a=_:FindFirstChild("\x43\x6C\x69\x63\x6B\x44\x65\x74\x65\x63\x74\x6F\x72") if _:IsA("\x42\x61\x73\x65\x50\x61\x72\x74")and a then task.wait(0.2) local a,_=pcall(function()fireclickdetector(a)end) if not a then warn("\x46\x61\x69\x6C\x65\x64\x20\x74\x6F\x20\x66\x69\x72\x65\x20\x4D\x6F\x75\x73\x65\x43\x6C\x69\x63\x6B\x3A\x20".._)end task.wait(0.1)end end end local function e()for _,a in ipairs(z:GetChildren())do local _=a:FindFirstChild("\x43\x6C\x69\x63\x6B\x44\x65\x74\x65\x63\x74\x6F\x72") if a:IsA("\x42\x61\x73\x65\x50\x61\x72\x74")and _ then if a.Name=="\x50\x4B\x4D"then fireclickdetector(_)elseif a.Name=="\x4D\x32"then fireclickdetector(_)elseif a.Name=="\x53\x56\x44"then fireclickdetector(_)end end end end local function d()for _,a in ipairs(z:GetChildren())do local _=a:FindFirstChild("\x43\x6C\x69\x63\x6B\x44\x65\x74\x65\x63\x74\x6F\x72") if a:IsA("\x42\x61\x73\x65\x50\x61\x72\x74")and _ then if a.Name=="\x4D\x65\x64\x69\x63\x69\x6E\x65"or a.Name=="\x4D\x65\x64\x70\x61\x63\x6B"then task.wait(0.2) local a,_=pcall(function()fireclickdetector(_)end) if not a then warn("\x46\x61\x69\x6C\x65\x64\x20\x74\x6F\x20\x66\x69\x72\x65\x20\x4D\x6F\x75\x73\x65\x43\x6C\x69\x63\x6B\x3A\x20".._)end task.wait(0.1)end end end end local _=w.Dropdown({Text="\x50\x6C\x61\x63\x65\x20\x54\x65\x6C\x65\x70\x6F\x72\x74",Callback=function(_)local a=r[_] local _=B() if a and _ then _.CFrame=a end end,Options=table.pack(unpack((function(_)local b={} for a,_ in pairs(_)do table.insert(b,a)end return b end)(r))),Menu={Information=function(_)D.Banner({Text="\x54\x65\x73\x74\x20\x61\x6C\x65\x72\x74\x21"})end}}) local p={} local m=w.Dropdown({Text="\x50\x65\x72\x73\x6F\x6E\x20\x54\x65\x6C\x65\x70\x6F\x72\x74",Callback=function(_)local _=workspace:FindFirstChild(_) local a=C.Character or workspace:FindFirstChild(C.Name) if _ and _:FindFirstChild("\x48\x75\x6D\x61\x6E\x6F\x69\x64\x52\x6F\x6F\x74\x50\x61\x72\x74")and a and a:FindFirstChild("\x48\x75\x6D\x61\x6E\x6F\x69\x64\x52\x6F\x6F\x74\x50\x61\x72\x74")then a:MoveTo(_.HumanoidRootPart.Position+Vector3.new(0,3,0))end end,Options=p,Menu={Information=function(_)D.Banner({Text="\x54\x65\x73\x74\x20\x61\x6C\x65\x72\x74\x21"})end}}) local function _()local a={} for _,_ in pairs(A:GetPlayers())do if _~=C then table.insert(a,_.Name)end end p=a if m.SetOptions then m:SetOptions(p)else m.Options=p end end _() A.PlayerAdded:Connect(_) A.PlayerRemoving:Connect(_) local _=w.Dropdown({Text="\x54\x65\x6C\x65\x70\x6F\x72\x74\x20\x74\x6F\x20\x4C\x6F\x6F\x74",Callback=function(_)local a=z:FindFirstChild(_) local _=C.Character or workspace:FindFirstChild(C.Name) if a and a:IsA("\x42\x61\x73\x65\x50\x61\x72\x74")and _ and _:FindFirstChild("\x48\x75\x6D\x61\x6E\x6F\x69\x64\x52\x6F\x6F\x74\x50\x61\x72\x74")then _:MoveTo(a.Position+Vector3.new(0,3,0))end end,Options={},Menu={Information=function(_)D.Banner({Text="\x54\x65\x6C\x65\x70\x6F\x72\x74\x73\x20\x74\x6F\x20\x61\x20\x73\x65\x6C\x65\x63\x74\x65\x64\x20\x6C\x6F\x6F\x74\x20\x69\x74\x65\x6D\x20\x66\x72\x6F\x6D\x20\x74\x68\x65\x20\x6D\x61\x70\x2E"})end}}) local function m()local a={} if z and z:IsA("\x46\x6F\x6C\x64\x65\x72")then for _,_ in pairs(z:GetChildren())do if _:IsA("\x42\x61\x73\x65\x50\x61\x72\x74")or _:IsA("\x4D\x6F\x64\x65\x6C")then table.insert(a,_.Name)end end end a=a or{} if _.SetOptions then _:SetOptions(a)else _.Options=a end end m() z.ChildAdded:Connect(m) z.ChildRemoved:Connect(m) local p={} local _=w.Dropdown({Text="\x54\x65\x6C\x65\x70\x6F\x72\x74\x20\x54\x6F\x20\x43\x61\x72",Callback=function(_)local a=game.Workspace.Cars:FindFirstChild(_) local _=C.Character or workspace:FindFirstChild(C.Name) _.HumanoidRootPart.CFrame=a.PrimaryPart.CFrame+Vector3.new(0,5,0)end,Options=p,Menu={Information=function(_)D.Banner({Text="\x54\x65\x6C\x65\x70\x6F\x72\x74\x65\x64\x20\x74\x6F\x20\x74\x68\x65\x20\x63\x61\x72\x2E"})end}}) local function m()local a={} for _,_ in pairs(game.Workspace.Cars:GetChildren())do if _:IsA("\x4D\x6F\x64\x65\x6C")and _.PrimaryPart then table.insert(a,_.Name)end end p=a if _.SetOptions then _:SetOptions(p)else _.Options=p end end m() game.Workspace.Cars.ChildAdded:Connect(m) game.Workspace.Cars.ChildRemoved:Connect(m) local _=w.Dropdown({Text="\x4F\x62\x6A\x20\x54\x65\x6C\x65\x70\x6F\x72\x74",Callback=function(_)local a=h[_] local _=B() if a and _ then _.CFrame=a end end,Options=table.pack(unpack((function(_)local b={} for a,_ in pairs(_)do table.insert(b,a)end return b end)(h))),Menu={Information=function(_)w.Banner({Text="\x54\x65\x73\x74\x20\x61\x6C\x65\x72\x74\x21"})end}}) local _=u.Button({Text="\x47\x65\x74\x20\x41\x6C\x6C",Callback=function()local a=B() local _=a.CFrame for _,_ in pairs(r)do game.Workspace[game.Players.LocalPlayer.Name].Torso.Anchored=true a.CFrame=_*CFrame.new(0,-20,0) task.wait(0.2) f()end a.CFrame=_ game.Workspace[game.Players.LocalPlayer.Name].Torso.Anchored=false end,Menu={Information=function(_)D.Banner({Text="\x69\x64\x6B\x20\x77\x68\x61\x74\x20\x74\x6F\x20\x70\x75\x74\x20\x68\x65\x72\x65\x2E"})end}}) local _=u.Button({Text="\x47\x65\x74\x20\x47\x75\x6E\x73",Callback=function()local b=B() local _=b.CFrame for _,_ in pairs(a)do game.Workspace[game.Players.LocalPlayer.Name].Torso.Anchored=true b.CFrame=_*CFrame.new(0,-20,0) task.wait(0.5) e() task.wait(1)end b.CFrame=_ game.Workspace[game.Players.LocalPlayer.Name].Torso.Anchored=false end,Menu={Information=function(_)D.Banner({Text="\x69\x64\x6B\x20\x77\x68\x61\x74\x20\x74\x6F\x20\x70\x75\x74\x20\x68\x65\x72\x65\x2E"})end}}) local _=u.Button({Text="\x47\x65\x74\x20\x48\x65\x61\x6C\x73",Callback=function()local a=B() local _=a.CFrame for _,_ in pairs(r)do wait(0.2) game.Workspace[game.Players.LocalPlayer.Name].Torso.Anchored=true a.CFrame=_*CFrame.new(0,-20,0) task.wait(0.1) d()end a.CFrame=_ game.Workspace[game.Players.LocalPlayer.Name].Torso.Anchored=false end,Menu={Information=function(_)D.Banner({Text="\x69\x64\x6B\x20\x77\x68\x61\x74\x20\x74\x6F\x20\x70\x75\x74\x20\x68\x65\x72\x65\x2E"})end}}) local _=u.Button({Text="\x50\x69\x63\x6B\x20\x55\x70\x20\x4D\x6F\x6E\x65\x79",Callback=function()local a=B() local _=a.CFrame for _,_ in pairs(game.Workspace:GetChildren())do if _.Name=="\x4D\x6F\x6E\x65\x79\x50\x61\x72\x74"and _:IsA("\x50\x61\x72\x74")then a.CFrame=_.CFrame wait(0.15)end end a.CFrame=_ end,Menu={Information=function(_)D.Banner({Text="\x54\x68\x69\x73\x20\x66\x75\x6E\x63\x74\x69\x6F\x6E\x20\x63\x61\x6E\x20\x67\x65\x74\x20\x79\x6F\x75\x20\x62\x61\x6E\x6E\x65\x64\x20\x69\x6E\x20\x75\x70\x2D\x74\x6F\x2D\x64\x61\x74\x65\x20\x73\x65\x72\x76\x65\x72\x73\x3B\x20\x75\x73\x65\x20\x61\x74\x20\x79\x6F\x75\x72\x20\x6F\x77\x6E\x20\x72\x69\x73\x6B\x2E"})end}}) local _=k.Dropdown({Text="\x42\x75\x79\x20\x47\x75\x6E",Callback=function(a)print(a) local _="\x49\x74\x65\x6D" local a=a game:GetService("\x52\x65\x70\x6C\x69\x63\x61\x74\x65\x64\x53\x74\x6F\x72\x61\x67\x65").Container.Shop.BuyHandle:InvokeServer(_,a)end,Options={"\x4D\x61\x72\x6B\x20\x49\x49\x49","\x47\x31\x37","\x52\x45\x4D\x2D\x37\x30\x30","\x4D\x6F\x64\x65\x6C\x20\x32\x39","\x4D\x6F\x73\x73\x6C\x61\x6E\x64\x20\x35\x30\x30","\x47\x6F\x6C\x66\x20\x43\x6C\x75\x62","\x56\x50\x37\x30","\x55\x53\x50\x34\x35","\x4D\x41\x43\x2D\x31\x30","\x4D\x50\x35","\x44\x45\x2E\x35\x30","\x4D\x31\x36\x41\x32","\x53\x6C\x65\x64\x67\x65\x20\x48\x61\x6D\x6D\x65\x72","\x55\x4D\x50\x34\x35","\x41\x4B\x4D","\x4D\x34\x20\x43\x61\x72\x62\x69\x6E\x65","\x47\x33","\x41\x55\x47\x2D\x41\x31","\x52\x50\x4B","\x4D\x31\x34","\x41\x57\x4D","\x50\x50\x2D\x31\x39","\x53\x50\x41\x53\x2D\x31\x32","\x48\x65\x63\x61\x74\x65\x20\x49\x49","\x41\x52\x2D\x31\x38","\x4D\x38\x32","\x53\x61\x69\x67\x61\x2D\x31\x32","\x4D\x37\x39","\x41\x41\x2D\x31\x32","\x43\x68\x69\x6E\x61\x20\x4C\x61\x6B\x65","\x4D\x31\x33\x34","\x4D\x32\x30\x32"},Menu={Information=function(_)D.Banner({Text="\x54\x65\x73\x74\x20\x61\x6C\x65\x72\x74\x21"})end}}) local _=k.Dropdown({Text="\x42\x75\x79\x20\x45\x71\x75\x69\x70\x6D\x65\x6E\x74",Callback=function(_)print(_) local a="\x49\x74\x65\x6D" local _=_ game:GetService("\x52\x65\x70\x6C\x69\x63\x61\x74\x65\x64\x53\x74\x6F\x72\x61\x67\x65").Container.Shop.BuyHandle:InvokeServer(a,_)end,Options={"\x4C\x61\x6E\x74\x65\x72\x6E","\x4D\x65\x64\x70\x61\x63\x6B","\x50\x6F\x6C\x69\x63\x65\x56\x65\x73\x74","\x4D\x69\x6C\x69\x74\x61\x72\x79\x56\x65\x73\x74","\x4E\x56\x47\x73","\x4D\x65\x64\x6B\x69\x74"},Menu={Information=function(_)D.Banner({Text="\x54\x65\x73\x74\x20\x61\x6C\x65\x72\x74\x21"})end}}) local _=u.Dropdown({Text="\x52\x65\x66\x69\x6C\x6C\x20\x41\x6D\x6D\x6F",Callback=function(a)local b=g[a] local c=B() local _=c.CFrame if b and c then c.CFrame=b local a=game.Workspace.AmmoBoxes.AllAmmoTypes:WaitForChild(a).PromptAttachment.ProximityPrompt a.RequiresLineOfSight=false a.HoldDuration=0 if a.Enabled==true then wait(0.5) fireproximityprompt(a)end wait(0.5) c.CFrame=_ end end,Options=table.pack(unpack((function(_)local b={} for a,_ in pairs(_)do table.insert(b,a)end return b end)(g))),Menu={Information=function(_)D.Banner({Text="\x54\x65\x73\x74\x20\x61\x6C\x65\x72\x74\x21"})end}}) local _=D.Button({Text="\x4E\x75\x6B\x65\x20\x28\x4D\x75\x73\x74\x20\x62\x65\x20\x61\x74\x20\x73\x70\x61\x77\x6E\x20\x66\x69\x72\x73\x74\x29",Callback=function()local f=B() local e=f.CFrame local a=game.Workspace:GetAttribute("\x4E\x50\x5F\x52\x65\x61\x63\x74\x6F\x72") local _=game.Workspace:GetAttribute("\x4E\x50\x5F\x53\x77\x69\x74\x63\x68") local d=game.Workspace:GetAttribute("\x4E\x50\x5F\x56\x61\x6C\x76\x65") if d==false then f.CFrame=CFrame.new(-5267.04395,282.582336,836.235657,0.131601527,2.26039054e-09,0.991302669,2.24875008e-09,1,-2.57875765e-09,-0.991302669,2.56856048e-09,0.131601527) wait(0.5) f.CFrame=CFrame.new(-5267.04395,282.582336,836.235657,0.131601527,2.26039054e-09,0.991302669,2.24875008e-09,1,-2.57875765e-09,-0.991302669,2.56856048e-09,0.131601527) local _=game.Workspace.NuclearPowerPlant.Valve.ProximityPrompt _.RequiresLineOfSight=false fireproximityprompt(_) wait(5)end if a==false then f.CFrame=CFrame.new(-5039.42822,268.582214,1042.66943,0.972240627,6.89471875e-08,-0.233983219,-7.84214009e-08,1,-3.11872235e-08,0.233983219,4.86707776e-08,0.972240627) f.CFrame=CFrame.new(-5039.42822,268.582214,1042.66943,0.972240627,6.89471875e-08,-0.233983219,-7.84214009e-08,1,-3.11872235e-08,0.233983219,4.86707776e-08,0.972240627) f.CFrame=CFrame.new(-5039.42822,268.582214,1042.66943,0.972240627,6.89471875e-08,-0.233983219,-7.84214009e-08,1,-3.11872235e-08,0.233983219,4.86707776e-08,0.972240627) local _=game.Workspace.NuclearPowerPlant.ControlPanelMain.Button.ProximityPrompt _.RequiresLineOfSight=false fireproximityprompt(_) wait(1)end if _==false then f.CFrame=CFrame.new(-5458.39844,269.581665,998.653015,-0.970813453,-3.3730835e-08,-0.239835799,-4.2256719e-08,1,3.04064578e-08,0.239835799,3.96536741e-08,-0.970813453) local _=game.Workspace.NuclearPowerPlant.Switch.ProximityPrompt _.RequiresLineOfSight=false fireproximityprompt(_) wait(2)end f.CFrame=e for _,_ in pairs(c)do f.CFrame=_ wait(5) q=game.Workspace.CodePlacements wait(4) if q.CodePlacement then if q.CodePlacement:FindFirstChild("\x50\x72\x6F\x78\x69\x6D\x69\x74\x79\x50\x72\x6F\x6D\x70\x74")then q.CodePlacement.ProximityPrompt.RequiresLineOfSight=false fireproximityprompt(q.CodePlacement.ProximityPrompt) break end end end for _,_ in pairs(b)do f.CFrame=_ wait(5) s=game.Workspace.KeyPlacements wait(4) if s.KeyPlacement then if s.KeyPlacement:FindFirstChild("\x50\x72\x6F\x78\x69\x6D\x69\x74\x79\x50\x72\x6F\x6D\x70\x74")then s.KeyPlacement.ProximityPrompt.RequiresLineOfSight=false fireproximityprompt(s.KeyPlacement.ProximityPrompt) break end end end f.CFrame=e f.CFrame=CFrame.new(-8512.50098,210.073883,-3759.9646,0.725873113,3.76597337e-10,0.6878286,-5.56528192e-08,1,5.81835167e-08,-0.6878286,-8.05134519e-08,0.725873113) game.Workspace[game.Players.LocalPlayer.Name].Torso.Anchored=true wait(5) game.Workspace[game.Players.LocalPlayer.Name].Torso.Anchored=false end,Menu={Information=function(_)D.Banner({Text="\x69\x64\x6B\x20\x77\x68\x61\x74\x20\x74\x6F\x20\x70\x75\x74\x20\x68\x65\x72\x65"})end}}) local _=D.Toggle({Text="\x54\x50\x20\x57\x61\x69\x66\x75\x73",Callback=function(_)_G.Activated=_ local function _()while _G.Activated do local a=B() if a then for _,b in pairs(workspace:WaitForChild("\x4F\x74\x68\x65\x72\x57\x61\x69\x66\x75\x73"):GetChildren())do if b:IsA("\x4D\x6F\x64\x65\x6C")and b.PrimaryPart then local _=b:FindFirstChild("\x5A\x6F\x6D\x62\x69\x65") print("\x66\x66\x66") if _ and _.Health>0 then print("\x61\x61\x61") local _=a.CFrame.Position+(a.CFrame.LookVector*j) b:SetPrimaryPartCFrame(CFrame.new(_))end end end end l.RenderStepped:Wait()end end if _G.Activated then task.spawn(_)end end}) local _=D.Slider({Text="\x57\x61\x69\x66\x75\x20\x44\x69\x73\x74\x61\x6E\x63\x65",Callback=function(_)j=_ print("\x57\x61\x69\x66\x75\x20\x74\x65\x6C\x65\x70\x6F\x72\x74\x20\x64\x69\x73\x74\x61\x6E\x63\x65\x20\x73\x65\x74\x20\x74\x6F\x3A",_)end,Min=0,Max=100,Def=15}) local _=D.Toggle({Text="\x54\x50\x20\x42\x6F\x73\x73",Callback=function(_)_G.ActivatedB=_ local a=B() local function _()while _G.ActivatedB do for _,b in pairs(workspace:WaitForChild("\x57\x61\x69\x66\x75\x73"):GetChildren())do if b:IsA("\x4D\x6F\x64\x65\x6C")and b.PrimaryPart then local _=a.CFrame.Position+(a.CFrame.LookVector*i) b:SetPrimaryPartCFrame(CFrame.new(_))end end l.RenderStepped:Wait()end end if _G.ActivatedB then task.spawn(_)end end}) local _=D.Slider({Text="\x42\x6F\x73\x73\x20\x44\x69\x73\x74\x61\x6E\x63\x65",Callback=function(_)i=_ print("\x42\x6F\x73\x73\x20\x74\x65\x6C\x65\x70\x6F\x72\x74\x20\x64\x69\x73\x74\x61\x6E\x63\x65\x20\x73\x65\x74\x20\x74\x6F\x3A",_)end,Min=0,Max=100,Def=15}) local c=15 _G.UseRaycastCheck=true local _=w.Button({Text="\x54\x50\x20\x4E\x65\x61\x72\x20\x42\x6F\x73\x73\x20\x28\x53\x6D\x61\x72\x74\x29",Callback=function()local d=B() if not d then return end local b=RaycastParams.new() b.FilterDescendantsInstances={d.Parent,workspace:WaitForChild("\x57\x61\x69\x66\x75\x73")} b.FilterType=Enum.RaycastFilterType.Exclude b.IgnoreWater=true local function a(_)if not _G.UseRaycastCheck then return true end local _=_+Vector3.new(0,5,0) local a=Vector3.new(0,-6,0) local _=workspace:Raycast(_,a,b) return _==nil end for _,_ in pairs(workspace:WaitForChild("\x57\x61\x69\x66\x75\x73"):GetChildren())do if _:IsA("\x4D\x6F\x64\x65\x6C")and _.PrimaryPart then local b=_.PrimaryPart.Position+Vector3.new(0,2,0) for _=0,360,30 do local _=math.rad(_) local _=Vector3.new(math.cos(_)*c,0,math.sin(_)*c) local _=b+_ if a(_)then d.CFrame=CFrame.new(_) return end end game.StarterGui:SetCore("\x43\x68\x61\x74\x4D\x61\x6B\x65\x53\x79\x73\x74\x65\x6D\x4D\x65\x73\x73\x61\x67\x65",{Text="\x4E\x6F\x20\x73\x61\x66\x65\x20\x74\x65\x6C\x65\x70\x6F\x72\x74\x20\x6C\x6F\x63\x61\x74\x69\x6F\x6E\x20\x66\x6F\x75\x6E\x64\x20\x61\x72\x6F\x75\x6E\x64\x20\x62\x6F\x73\x73\x2E",Color=Color3.fromRGB(255,100,100),Font=Enum.Font.SourceSansBold,FontSize=Enum.FontSize.Size24}) break end end end,Menu={Information=function(_)D.Banner({Text="\x54\x65\x6C\x65\x70\x6F\x72\x74\x73\x20\x79\x6F\x75\x20\x6E\x65\x61\x72\x20\x74\x68\x65\x20\x62\x6F\x73\x73\x2C\x20\x61\x76\x6F\x69\x64\x69\x6E\x67\x20\x77\x61\x6C\x6C\x20\x63\x6C\x69\x70\x70\x69\x6E\x67\x2E\x20\x43\x68\x65\x63\x6B\x73\x20\x74\x68\x65\x20\x73\x70\x61\x63\x65\x20\x69\x74\x73\x65\x6C\x66\x2C\x20\x6E\x6F\x74\x20\x74\x68\x65\x20\x70\x61\x74\x68\x2E"})end}}) local d local _=w.Button({Text="\x43\x6C\x69\x63\x6B\x20\x54\x50\x20\x28\x43\x74\x72\x6C\x29",Callback=function()if _G.CtrlClickTP_Enabled==nil then _G.CtrlClickTP_Enabled=false end if _G.CtrlClickTP_Enabled==true then _G.CtrlClickTP_Enabled=false if d then d:Disconnect() d=nil end else _G.CtrlClickTP_Enabled=true local b=game:GetService("\x55\x73\x65\x72\x49\x6E\x70\x75\x74\x53\x65\x72\x76\x69\x63\x65") local _=game:GetService("\x50\x6C\x61\x79\x65\x72\x73") local a=_.LocalPlayer local c=a:GetMouse() local function _(_)local a=a.Character if a and a:FindFirstChild("\x48\x75\x6D\x61\x6E\x6F\x69\x64\x52\x6F\x6F\x74\x50\x61\x72\x74")then a.HumanoidRootPart.CFrame=CFrame.new(_)end end d=b.InputBegan:Connect(function(a)if _G.CtrlClickTP_Enabled and a.UserInputType==Enum.UserInputType.MouseButton1 and b:IsKeyDown(Enum.KeyCode.LeftControl)then if c and c.Hit then _(c.Hit.p)end end end)end end,Menu={Information=function(_)D.Banner({Text="\x54\x6F\x67\x67\x6C\x65\x73\x20\x43\x54\x52\x4C\x20\x2B\x20\x43\x6C\x69\x63\x6B\x20\x74\x65\x6C\x65\x70\x6F\x72\x74\x2E"})end}}) local b=game:GetService("\x57\x6F\x72\x6B\x73\x70\x61\x63\x65") local d=game:GetService("\x43\x6F\x72\x65\x47\x75\x69") local a=game:GetService("\x48\x74\x74\x70\x53\x65\x72\x76\x69\x63\x65") local function e(c,_)if not c or not c:IsA("\x4D\x6F\x64\x65\x6C")then return end local b=c:FindFirstChild("\x48\x75\x6D\x61\x6E\x6F\x69\x64\x52\x6F\x6F\x74\x50\x61\x72\x74") if not b then warn("\x5B\x45\x53\x50\x5D\x20\x53\x6B\x69\x70\x70\x69\x6E\x67\x20\x63\x68\x61\x72\x61\x63\x74\x65\x72\x20\x28\x6E\x6F\x20\x48\x75\x6D\x61\x6E\x6F\x69\x64\x52\x6F\x6F\x74\x50\x61\x72\x74\x29\x3A",c.Name) return end local b=c:FindFirstChild("\x45\x53\x50\x5F\x55\x6E\x69\x71\x75\x65\x49\x44") if not b then b=Instance.new("\x53\x74\x72\x69\x6E\x67\x56\x61\x6C\x75\x65") b.Name="\x45\x53\x50\x5F\x55\x6E\x69\x71\x75\x65\x49\x44" b.Value=a:GenerateGUID(false) b.Parent=c end local a=b.Value local b="\x45\x53\x50\x5F\x48\x69\x67\x68\x6C\x69\x67\x68\x74\x5F"..a local a="\x45\x53\x50\x5F\x4E\x61\x6D\x65\x54\x61\x67\x5F"..a local e=d:FindFirstChild(b) if not e or not e:IsA("\x48\x69\x67\x68\x6C\x69\x67\x68\x74")or e.Adornee~=c then if e then e:Destroy()end e=Instance.new("\x48\x69\x67\x68\x6C\x69\x67\x68\x74") e.Name=b e.FillColor=Color3.fromRGB(x[1],x[2],x[3]) e.OutlineColor=Color3.fromRGB(y[1],y[2],y[3]) e.FillTransparency=o e.OutlineTransparency=n e.DepthMode=Enum.HighlightDepthMode.AlwaysOnTop e.Adornee=c e.Parent=d end if _ and c:FindFirstChild("\x48\x65\x61\x64")then local _=d:FindFirstChild(a) if not _ or not _:IsA("\x42\x69\x6C\x6C\x62\x6F\x61\x72\x64\x47\x75\x69")or _.Adornee~=c.Head then if _ then _:Destroy()end local _=Instance.new("\x42\x69\x6C\x6C\x62\x6F\x61\x72\x64\x47\x75\x69") _.Name=a _.Size=UDim2.new(0,100,0,40) _.Adornee=c.Head _.StudsOffset=Vector3.new(0,2.5,0) _.AlwaysOnTop=true _.Parent=d local a=Instance.new("\x54\x65\x78\x74\x4C\x61\x62\x65\x6C") a.Size=UDim2.new(1,0,1,0) a.BackgroundTransparency=1 a.Text=c.Name a.TextColor3=Color3.fromRGB(t[1],t[2],t[3]) a.TextTransparency=0.3 a.TextScaled=true a.Font=Enum.Font.SourceSansBold a.Parent=_ end end end local function c()for _,_ in pairs(d:GetChildren())do if _:IsA("\x48\x69\x67\x68\x6C\x69\x67\x68\x74")and _.Name:lower():find("\x65\x73\x70\x5F\x68\x69\x67\x68\x6C\x69\x67\x68\x74")then _:Destroy()elseif _:IsA("\x42\x69\x6C\x6C\x62\x6F\x61\x72\x64\x47\x75\x69")and _.Name:lower():find("\x65\x73\x70\x5F\x6E\x61\x6D\x65\x74\x61\x67")then _:Destroy()end end end local function f()for _,_ in pairs(d:GetChildren())do if _:IsA("\x48\x69\x67\x68\x6C\x69\x67\x68\x74")and _.Name:find("\x45\x53\x50\x5F\x48\x69\x67\x68\x6C\x69\x67\x68\x74\x5F")then _.FillColor=Color3.fromRGB(x[1],x[2],x[3]) _.OutlineColor=Color3.fromRGB(y[1],y[2],y[3]) _.FillTransparency=o _.OutlineTransparency=n end end end local _=v.Toggle({Text="\x45\x53\x50\x20\x50\x6C\x61\x79\x65\x72\x73",Callback=function(_)_G.ESPP=_ if _G.ESPP then for _,_ in pairs(A:GetPlayers())do if _~=A.LocalPlayer and _.Character then e(_.Character,true)end _.CharacterAdded:Connect(function(_)_:WaitForChild("\x48\x75\x6D\x61\x6E\x6F\x69\x64\x52\x6F\x6F\x74\x50\x61\x72\x74",3) _:WaitForChild("\x48\x65\x61\x64",3) if _G.ESPP then e(_,true)end end) _.CharacterRemoving:Connect(function(_)removeESPFromCharacter(_)end)end A.PlayerAdded:Connect(function(_)_.CharacterAdded:Connect(function(_)_:WaitForChild("\x48\x75\x6D\x61\x6E\x6F\x69\x64\x52\x6F\x6F\x74\x50\x61\x72\x74",3) _:WaitForChild("\x48\x65\x61\x64",3) if _G.ESPP then e(_,true)end end)end) f()else for _,_ in pairs(A:GetPlayers())do if _~=A.LocalPlayer and _.Character then c(_.Character)end end end end}) local _ local _=v.Toggle({Text="\x45\x53\x50\x20\x57\x61\x69\x66\x75\x73",Callback=function(_)_G.ESP=_ local _=b:WaitForChild("\x4F\x74\x68\x65\x72\x57\x61\x69\x66\x75\x73") local function a(_)if _:IsA("\x4D\x6F\x64\x65\x6C")then e(_,false)else print("\x5B\x45\x53\x50\x5D\x20\x53\x6B\x69\x70\x70\x65\x64\x3A",_:GetFullName(),"\x28\x4D\x69\x73\x73\x69\x6E\x67\x20\x48\x75\x6D\x61\x6E\x6F\x69\x64\x52\x6F\x6F\x74\x50\x61\x72\x74\x3F\x29")end end if _G.ESP then for _,_ in pairs(_:GetChildren())do a(_)end _.ChildAdded:Connect(function(_)if _G.ESP then a(_)end end) f()else for _,_ in pairs(_:GetChildren())do c(_)end end end}) local _=v.Toggle({Text="\x45\x53\x50\x20\x42\x6F\x73\x73",Callback=function(_)_G.ESP=_ local _=b:WaitForChild("\x57\x61\x69\x66\x75\x73") if _G.ESP then for _,_ in pairs(_:GetChildren())do if _:IsA("\x4D\x6F\x64\x65\x6C")and _.PrimaryPart then e(_,false)end end _.ChildAdded:Connect(function(_)if _G.ESP and _:IsA("\x4D\x6F\x64\x65\x6C")and _.PrimaryPart then e(_,false)end end) f()else for _,_ in pairs(_:GetChildren())do c(_)end end end}) local _=v.Slider({Text="\x4F\x75\x74\x6C\x69\x6E\x65\x20\x54\x72\x61\x6E\x73\x70\x61\x72\x65\x6E\x63\x79",Callback=function(_)local _=_/10 n=_ f()end,Min=10,Max=0,Def=0.1}) local _=v.Slider({Text="\x46\x69\x6C\x6C\x20\x54\x72\x61\x6E\x73\x70\x61\x72\x65\x6E\x63\x79",Callback=function(_)local _=_/10 o=_ f()end,Min=10,Max=0,Def=0.1}) local _=v.ColorPicker({Text="\x4F\x75\x74\x6C\x69\x6E\x65\x20\x43\x6F\x6C\x6F\x75\x72",Default=Color3.fromRGB(255,255,255),Callback=function(_)y[1]=math.floor(_.R*255) y[2]=math.floor(_.G*255) y[3]=math.floor(_.B*255) f()end,Menu={Information=function(_)D.Banner({Text="\x54\x68\x69\x73\x20\x63\x68\x61\x6E\x67\x65\x73\x20\x74\x68\x65\x20\x63\x6F\x6C\x6F\x72\x20\x6F\x66\x20\x79\x6F\x75\x72\x20\x45\x53\x50\x2E"})end}}) local _=v.ColorPicker({Text="\x46\x69\x6C\x6C\x20\x43\x6F\x6C\x6F\x75\x72",Default=Color3.fromRGB(255,0,0),Callback=function(_)x[1]=math.floor(_.R*255) x[2]=math.floor(_.G*255) x[3]=math.floor(_.B*255) f()end,Menu={Information=function(_)D.Banner({Text="\x54\x68\x69\x73\x20\x63\x68\x61\x6E\x67\x65\x73\x20\x74\x68\x65\x20\x63\x6F\x6C\x6F\x72\x20\x6F\x66\x20\x79\x6F\x75\x72\x20\x45\x53\x50\x2E"})end}}) local _=v.ColorPicker({Text="\x54\x65\x78\x74\x20\x43\x6F\x6C\x6F\x75\x72",Default=Color3.fromRGB(255,0,0),Callback=function(_)t[1]=math.floor(_.R*255) t[2]=math.floor(_.G*255) t[3]=math.floor(_.B*255) f()end,Menu={Information=function(_)D.Banner({Text="\x54\x68\x69\x73\x20\x63\x68\x61\x6E\x67\x65\x73\x20\x74\x68\x65\x20\x63\x6F\x6C\x6F\x72\x20\x6F\x66\x20\x79\x6F\x75\x72\x20\x45\x53\x50\x2E"})end}}) local _=u.Toggle({Text="\x41\x64\x6D\x69\x6E\x20\x43\x68\x65\x63\x6B",Callback=function(_)if _G.Admin==true then _G.Admin=false elseif _G.Admin==false then _G.Admin=true end local _=B() for _,_ in pairs(game.Players:GetPlayers())do if _:IsInGroup(10668871)then local _=_:GetRoleInGroup(10668871) if _=="\x41\x64\x6D\x69\x6E"then C:Kick("\x41\x64\x6D\x69\x6E\x20\x69\x73\x20\x69\x6E\x20\x74\x68\x69\x73\x20\x73\x65\x72\x76\x65\x72")elseif _=="\x44\x65\x76"then C:Kick("\x44\x65\x76\x20\x69\x73\x20\x69\x6E\x20\x74\x68\x69\x73\x20\x73\x65\x72\x76\x65\x72")elseif _=="\x43\x6F\x4F\x77\x6E\x65\x72"then C:Kick("\x43\x6F\x4F\x77\x6E\x65\x72\x20\x69\x73\x20\x69\x6E\x20\x74\x68\x69\x73\x20\x73\x65\x72\x76\x65\x72")elseif _=="\x4F\x77\x6E\x65\x72"then C:Kick("\x4F\x77\x6E\x65\x72\x20\x69\x73\x20\x69\x6E\x20\x74\x68\x69\x73\x20\x73\x65\x72\x76\x65\x72")end end end end}) game.Players.PlayerAdded:Connect(function(_)if _G.Admin==true then if _:IsInGroup(10668871)then local _=_:GetRoleInGroup(10668871) if _=="\x41\x64\x6D\x69\x6E"then C:Kick("\x41\x64\x6D\x69\x6E\x20\x69\x73\x20\x69\x6E\x20\x74\x68\x69\x73\x20\x73\x65\x72\x76\x65\x72")elseif _=="\x44\x65\x76"then C:Kick("\x44\x65\x76\x20\x69\x73\x20\x69\x6E\x20\x74\x68\x69\x73\x20\x73\x65\x72\x76\x65\x72")elseif _=="\x43\x6F\x4F\x77\x6E\x65\x72"then C:Kick("\x43\x6F\x4F\x77\x6E\x65\x72\x20\x69\x73\x20\x69\x6E\x20\x74\x68\x69\x73\x20\x73\x65\x72\x76\x65\x72")elseif _=="\x4F\x77\x6E\x65\x72"then C:Kick("\x4F\x77\x6E\x65\x72\x20\x69\x73\x20\x69\x6E\x20\x74\x68\x69\x73\x20\x73\x65\x72\x76\x65\x72")end end end end) local a={["\x43\x72\x61\x6D"]=true,["\x4D\x65\x64\x69\x63\x69\x6E\x65"]=true,["\x4D\x65\x64\x50\x61\x63\x6B"]=true} local f local _ local d=false local c=0 local function e()return game.Players.LocalPlayer.Character and game.Players.LocalPlayer.Character:FindFirstChild("\x48\x75\x6D\x61\x6E\x6F\x69\x64\x52\x6F\x6F\x74\x50\x61\x72\x74")end local function _()local b=e() if not b or not b.Parent then return end local _=b.Parent:FindFirstChildOfClass("\x48\x75\x6D\x61\x6E\x6F\x69\x64") if not _ then return end if _.Health<_.MaxHealth then for _,_ in pairs(z:GetChildren())do if a[_.Name]and _:FindFirstChildOfClass("\x43\x6C\x69\x63\x6B\x44\x65\x74\x65\x63\x74\x6F\x72")then fireclickdetector(_:FindFirstChildOfClass("\x43\x6C\x69\x63\x6B\x44\x65\x74\x65\x63\x74\x6F\x72")) task.wait(0.2) for _,_ in pairs(C.Backpack:GetChildren())do if a[_.Name]and _:IsA("\x54\x6F\x6F\x6C")then _.Parent=b.Parent _:Activate() break end end break end end end end local function a()local _=game:GetService("\x52\x65\x70\x6C\x69\x63\x61\x74\x65\x64\x53\x74\x6F\x72\x61\x67\x65") _.Container.Shop.BuyHandle:InvokeServer("\x49\x74\x65\x6D","\x4D\x65\x64\x6B\x69\x74")end local function b()local a=tick() if a-c<60 then return end local b=e() if b then local _=b.Parent:FindFirstChildOfClass("\x48\x75\x6D\x61\x6E\x6F\x69\x64") if _ and _.Health<_.MaxHealth then for _,_ in pairs(C.Backpack:GetChildren())do if _.Name=="\x4D\x65\x64\x6B\x69\x74"and _:IsA("\x54\x6F\x6F\x6C")then _.Parent=b.Parent _:Activate() c=a return end end end end end local _=u.Toggle({Text="\x41\x75\x74\x6F\x20\x48\x65\x61\x6C\x20\x28\x4C\x6F\x6F\x74\x20\x53\x63\x61\x6E\x29",Callback=function(a)_G.LootAutoHeal=a if a then f=game:GetService("\x52\x75\x6E\x53\x65\x72\x76\x69\x63\x65").Heartbeat:Connect(function()local a=e() if not a or not a.Parent then return end local a=a.Parent:FindFirstChildOfClass("\x48\x75\x6D\x61\x6E\x6F\x69\x64") if not a or a.Health==0 then return end if a.Health<a.MaxHealth then _()end end)else if f then f:Disconnect() f=nil end end end}) local _=u.Toggle({Text="\x41\x75\x74\x6F\x20\x48\x65\x61\x6C\x20\x28\x42\x75\x79\x20\x4D\x65\